

##------ Sat May  5 01:39:12 2018 ------##


------------ estimating TERGM for: qualtrics --------------
Using 4 cores
             t=2 t=3 t=4 t=5 t=6 t=7 t=8 t=9 t=10
nets (row)   573 573 573 573 573 573 573 573  573
nets (col)   573 573 573 573 573 573 573 573  573
mmc (row)    573 573 573 573 573 573 573 573  573
mmc (col)    573 573 573 573 573 573 573 573  573
cpa (row)    573 573 573 573 573 573 573 573  573
cpa (col)    573 573 573 573 573 573 573 573  573
gipa (row)   573 573 573 573 573 573 573 573  573
gipa (col)   573 573 573 573 573 573 573 573  573
memory (row) 573 573 573 573 573 573 573 573  573
memory (col) 573 573 573 573 573 573 573 573  573
             t=2 t=3 t=4 t=5 t=6 t=7 t=8 t=9 t=10
nets (row)   573 573 573 573 573 573 573 573  573
nets (col)   573 573 573 573 573 573 573 573  573
mmc (row)    573 573 573 573 573 573 573 573  573
mmc (col)    573 573 573 573 573 573 573 573  573
cpa (row)    573 573 573 573 573 573 573 573  573
cpa (col)    573 573 573 573 573 573 573 573  573
gipa (row)   573 573 573 573 573 573 573 573  573
gipa (col)   573 573 573 573 573 573 573 573  573
memory (row) 573 573 573 573 573 573 573 573  573
memory (col) 573 573 573 573 573 573 573 573  573


##------ Wed May 30 13:39:04 2018 ------##


------------ estimating TERGM for: qualtrics --------------
Using 4 cores
             t=2 t=3 t=4 t=5 t=6 t=7 t=8 t=9 t=10
nets (row)   573 573 573 573 573 573 573 573  573
nets (col)   573 573 573 573 573 573 573 573  573
mmc (row)    573 573 573 573 573 573 573 573  573
mmc (col)    573 573 573 573 573 573 573 573  573
cpa (row)    573 573 573 573 573 573 573 573  573
cpa (col)    573 573 573 573 573 573 573 573  573
gipa (row)   573 573 573 573 573 573 573 573  573
gipa (col)   573 573 573 573 573 573 573 573  573
memory (row) 573 573 573 573 573 573 573 573  573
memory (col) 573 573 573 573 573 573 573 573  573
             t=2 t=3 t=4 t=5 t=6 t=7 t=8 t=9 t=10
nets (row)   573 573 573 573 573 573 573 573  573
nets (col)   573 573 573 573 573 573 573 573  573
mmc (row)    573 573 573 573 573 573 573 573  573
mmc (col)    573 573 573 573 573 573 573 573  573
cpa (row)    573 573 573 573 573 573 573 573  573
cpa (col)    573 573 573 573 573 573 573 573  573
gipa (row)   573 573 573 573 573 573 573 573  573
gipa (col)   573 573 573 573 573 573 573 573  573
memory (row) 573 573 573 573 573 573 573 573  573
memory (col) 573 573 573 573 573 573 573 573  573
finished successfully.

##------ Thu May 10 19:52:35 2018 ------##


------------ estimating TERGM for: qualtrics --------------
Using 4 cores
             t=2 t=3 t=4 t=5 t=6 t=7 t=8 t=9 t=10
nets (row)   573 573 573 573 573 573 573 573  573
nets (col)   573 573 573 573 573 573 573 573  573
mmc (row)    573 573 573 573 573 573 573 573  573
mmc (col)    573 573 573 573 573 573 573 573  573
cpa (row)    573 573 573 573 573 573 573 573  573
cpa (col)    573 573 573 573 573 573 573 573  573
memory (row) 573 573 573 573 573 573 573 573  573
memory (col) 573 573 573 573 573 573 573 573  573
             t=2 t=3 t=4 t=5 t=6 t=7 t=8 t=9 t=10
nets (row)   573 573 573 573 573 573 573 573  573
nets (col)   573 573 573 573 573 573 573 573  573
mmc (row)    573 573 573 573 573 573 573 573  573
mmc (col)    573 573 573 573 573 573 573 573  573
cpa (row)    573 573 573 573 573 573 573 573  573
cpa (col)    573 573 573 573 573 573 573 573  573
memory (row) 573 573 573 573 573 573 573 573  573
memory (col) 573 573 573 573 573 573 573 573  573
finished successfully.