

##------ Tue Aug  7 18:38:09 2018 ------##


------------ estimating TERGM for: qualtrics --------------
Using 16 cores
               t=2  t=3  t=4  t=5  t=6  t=7  t=8  t=9 t=10 t=11
nets (row)    3555 3555 3555 3555 3555 3555 3555 3555 3555 3555
nets (col)    3555 3555 3555 3555 3555 3555 3555 3555 3555 3555
mmc (row)     3555 3555 3555 3555 3555 3555 3555 3555 3555 3555
mmc (col)     3555 3555 3555 3555 3555 3555 3555 3555 3555 3555
memory (row)  3555 3555 3555 3555 3555 3555 3555 3555 3555 3555
memory (col)  3555 3555 3555 3555 3555 3555 3555 3555 3555 3555
timecov (row) 3555 3555 3555 3555 3555 3555 3555 3555 3555 3555
timecov (col) 3555 3555 3555 3555 3555 3555 3555 3555 3555 3555
               t=2  t=3  t=4  t=5  t=6  t=7  t=8  t=9 t=10 t=11
nets (row)    3555 3555 3555 3555 3555 3555 3555 3555 3555 3555
nets (col)    3555 3555 3555 3555 3555 3555 3555 3555 3555 3555
mmc (row)     3555 3555 3555 3555 3555 3555 3555 3555 3555 3555
mmc (col)     3555 3555 3555 3555 3555 3555 3555 3555 3555 3555
memory (row)  3555 3555 3555 3555 3555 3555 3555 3555 3555 3555
memory (col)  3555 3555 3555 3555 3555 3555 3555 3555 3555 3555
timecov (row) 3555 3555 3555 3555 3555 3555 3555 3555 3555 3555
timecov (col) 3555 3555 3555 3555 3555 3555 3555 3555 3555 3555
finished successfully.