

##------ Tue Aug  7 12:38:09 2018 ------##


------------ estimating TERGM for: typeform --------------
Using 16 cores
              t=2 t=3 t=4 t=5 t=6 t=7 t=8 t=9 t=10 t=11
nets (row)    469 469 469 469 469 469 469 469  469  469
nets (col)    469 469 469 469 469 469 469 469  469  469
mmc (row)     469 469 469 469 469 469 469 469  469  469
mmc (col)     469 469 469 469 469 469 469 469  469  469
memory (row)  469 469 469 469 469 469 469 469  469  469
memory (col)  469 469 469 469 469 469 469 469  469  469
timecov (row) 469 469 469 469 469 469 469 469  469  469
timecov (col) 469 469 469 469 469 469 469 469  469  469
              t=2 t=3 t=4 t=5 t=6 t=7 t=8 t=9 t=10 t=11
nets (row)    469 469 469 469 469 469 469 469  469  469
nets (col)    469 469 469 469 469 469 469 469  469  469
mmc (row)     469 469 469 469 469 469 469 469  469  469
mmc (col)     469 469 469 469 469 469 469 469  469  469
memory (row)  469 469 469 469 469 469 469 469  469  469
memory (col)  469 469 469 469 469 469 469 469  469  469
timecov (row) 469 469 469 469 469 469 469 469  469  469
timecov (col) 469 469 469 469 469 469 469 469  469  469
finished successfully.