

##------ Tue Aug  7 18:27:30 2018 ------##



##------ Tue Aug  7 19:40:51 2018 ------##

              t=2 t=3 t=4 t=5 t=6 t=7 t=8 t=9 t=10 t=11
nets (row)    574 574 574 574 574 574 574 574  574  574
nets (col)    574 574 574 574 574 574 574 574  574  574
mmc (row)     574 574 574 574 574 574 574 574  574  574
mmc (col)     574 574 574 574 574 574 574 574  574  574
memory (row)  574 574 574 574 574 574 574 574  574  574
memory (col)  574 574 574 574 574 574 574 574  574  574
timecov (row) 574 574 574 574 574 574 574 574  574  574
timecov (col) 574 574 574 574 574 574 574 574  574  574
              t=2 t=3 t=4 t=5 t=6 t=7 t=8 t=9 t=10 t=11
nets (row)    574 574 574 574 574 574 574 574  574  574
nets (col)    574 574 574 574 574 574 574 574  574  574
mmc (row)     574 574 574 574 574 574 574 574  574  574
mmc (col)     574 574 574 574 574 574 574 574  574  574
memory (row)  574 574 574 574 574 574 574 574  574  574
memory (col)  574 574 574 574 574 574 574 574  574  574
timecov (row) 574 574 574 574 574 574 574 574  574  574
timecov (col) 574 574 574 574 574 574 574 574  574  574


##------ Tue Aug  7 22:08:52 2018 ------##

              t=2 t=3 t=4 t=5 t=6 t=7 t=8 t=9 t=10 t=11
nets (row)    574 574 574 574 574 574 574 574  574  574
nets (col)    574 574 574 574 574 574 574 574  574  574
mmc (row)     574 574 574 574 574 574 574 574  574  574
mmc (col)     574 574 574 574 574 574 574 574  574  574
memory (row)  574 574 574 574 574 574 574 574  574  574
memory (col)  574 574 574 574 574 574 574 574  574  574
timecov (row) 574 574 574 574 574 574 574 574  574  574
timecov (col) 574 574 574 574 574 574 574 574  574  574
              t=2 t=3 t=4 t=5 t=6 t=7 t=8 t=9 t=10 t=11
nets (row)    574 574 574 574 574 574 574 574  574  574
nets (col)    574 574 574 574 574 574 574 574  574  574
mmc (row)     574 574 574 574 574 574 574 574  574  574
mmc (col)     574 574 574 574 574 574 574 574  574  574
memory (row)  574 574 574 574 574 574 574 574  574  574
memory (col)  574 574 574 574 574 574 574 574  574  574
timecov (row) 574 574 574 574 574 574 574 574  574  574
timecov (col) 574 574 574 574 574 574 574 574  574  574


##------ Wed Aug  8 00:18:11 2018 ------##

              t=2 t=3 t=4 t=5 t=6 t=7 t=8 t=9 t=10 t=11
nets (row)    574 574 574 574 574 574 574 574  574  574
nets (col)    574 574 574 574 574 574 574 574  574  574
mmc (row)     574 574 574 574 574 574 574 574  574  574
mmc (col)     574 574 574 574 574 574 574 574  574  574
memory (row)  574 574 574 574 574 574 574 574  574  574
memory (col)  574 574 574 574 574 574 574 574  574  574
timecov (row) 574 574 574 574 574 574 574 574  574  574
timecov (col) 574 574 574 574 574 574 574 574  574  574
              t=2 t=3 t=4 t=5 t=6 t=7 t=8 t=9 t=10 t=11
nets (row)    574 574 574 574 574 574 574 574  574  574
nets (col)    574 574 574 574 574 574 574 574  574  574
mmc (row)     574 574 574 574 574 574 574 574  574  574
mmc (col)     574 574 574 574 574 574 574 574  574  574
memory (row)  574 574 574 574 574 574 574 574  574  574
memory (col)  574 574 574 574 574 574 574 574  574  574
timecov (row) 574 574 574 574 574 574 574 574  574  574
timecov (col) 574 574 574 574 574 574 574 574  574  574
finished successfully.

##------ Wed Aug  8 01:40:10 2018 ------##

              t=2 t=3 t=4 t=5 t=6 t=7 t=8 t=9 t=10 t=11
nets (row)    574 574 574 574 574 574 574 574  574  574
nets (col)    574 574 574 574 574 574 574 574  574  574
mmc (row)     574 574 574 574 574 574 574 574  574  574
mmc (col)     574 574 574 574 574 574 574 574  574  574
memory (row)  574 574 574 574 574 574 574 574  574  574
memory (col)  574 574 574 574 574 574 574 574  574  574
timecov (row) 574 574 574 574 574 574 574 574  574  574
timecov (col) 574 574 574 574 574 574 574 574  574  574
              t=2 t=3 t=4 t=5 t=6 t=7 t=8 t=9 t=10 t=11
nets (row)    574 574 574 574 574 574 574 574  574  574
nets (col)    574 574 574 574 574 574 574 574  574  574
mmc (row)     574 574 574 574 574 574 574 574  574  574
mmc (col)     574 574 574 574 574 574 574 574  574  574
memory (row)  574 574 574 574 574 574 574 574  574  574
memory (col)  574 574 574 574 574 574 574 574  574  574
timecov (row) 574 574 574 574 574 574 574 574  574  574
timecov (col) 574 574 574 574 574 574 574 574  574  574
finished successfully.

##------ Wed Aug  8 07:29:33 2018 ------##

              t=2 t=3 t=4 t=5 t=6 t=7 t=8 t=9 t=10 t=11
nets (row)    574 574 574 574 574 574 574 574  574  574
nets (col)    574 574 574 574 574 574 574 574  574  574
mmc (row)     574 574 574 574 574 574 574 574  574  574
mmc (col)     574 574 574 574 574 574 574 574  574  574
memory (row)  574 574 574 574 574 574 574 574  574  574
memory (col)  574 574 574 574 574 574 574 574  574  574
timecov (row) 574 574 574 574 574 574 574 574  574  574
timecov (col) 574 574 574 574 574 574 574 574  574  574
              t=2 t=3 t=4 t=5 t=6 t=7 t=8 t=9 t=10 t=11
nets (row)    574 574 574 574 574 574 574 574  574  574
nets (col)    574 574 574 574 574 574 574 574  574  574
mmc (row)     574 574 574 574 574 574 574 574  574  574
mmc (col)     574 574 574 574 574 574 574 574  574  574
memory (row)  574 574 574 574 574 574 574 574  574  574
memory (col)  574 574 574 574 574 574 574 574  574  574
timecov (row) 574 574 574 574 574 574 574 574  574  574
timecov (col) 574 574 574 574 574 574 574 574  574  574


##------ Sun Feb 24 11:52:02 2019 ------##



##------ Sat Mar 16 00:46:50 2019 ------##

 t=1 t=2 t=3 t=4 t=5 t=6 t=7 t=8 t=9 t=10 t=11
   1   2   3   4   5   6   7   8   9   10   11
               t=2 t=3 t=4 t=5 t=6 t=7 t=8 t=9 t=10 t=11
nets (row)     532 532 532 532 532 532 532 532  532  532
nets (col)     532 532 532 532 532 532 532 532  532  532
cossim (row)   532 532 532 532 532 532 532 532  532  532
cossim (col)   532 532 532 532 532 532 532 532  532  532
centjoin (row) 532 532 532 532 532 532 532 532  532  532
centjoin (col) 532 532 532 532 532 532 532 532  532  532
shinv (row)    532 532 532 532 532 532 532 532  532  532
shinv (col)    532 532 532 532 532 532 532 532  532  532
mmc (row)      532 532 532 532 532 532 532 532  532  532
mmc (col)      532 532 532 532 532 532 532 532  532  532
memory (row)   532 532 532 532 532 532 532 532  532  532
memory (col)   532 532 532 532 532 532 532 532  532  532
timecov1 (row) 532 532 532 532 532 532 532 532  532  532
timecov1 (col) 532 532 532 532 532 532 532 532  532  532
               t=2 t=3 t=4 t=5 t=6 t=7 t=8 t=9 t=10 t=11
nets (row)     532 532 532 532 532 532 532 532  532  532
nets (col)     532 532 532 532 532 532 532 532  532  532
cossim (row)   532 532 532 532 532 532 532 532  532  532
cossim (col)   532 532 532 532 532 532 532 532  532  532
centjoin (row) 532 532 532 532 532 532 532 532  532  532
centjoin (col) 532 532 532 532 532 532 532 532  532  532
shinv (row)    532 532 532 532 532 532 532 532  532  532
shinv (col)    532 532 532 532 532 532 532 532  532  532
mmc (row)      532 532 532 532 532 532 532 532  532  532
mmc (col)      532 532 532 532 532 532 532 532  532  532
memory (row)   532 532 532 532 532 532 532 532  532  532
memory (col)   532 532 532 532 532 532 532 532  532  532
timecov1 (row) 532 532 532 532 532 532 532 532  532  532
timecov1 (col) 532 532 532 532 532 532 532 532  532  532


##------ Sat Mar 16 10:11:53 2019 ------##

 t=1 t=2 t=3 t=4 t=5 t=6 t=7 t=8 t=9 t=10 t=11
   1   2   3   4   5   6   7   8   9   10   11
               t=2 t=3 t=4 t=5 t=6 t=7 t=8 t=9 t=10 t=11
nets (row)     532 532 532 532 532 532 532 532  532  532
nets (col)     532 532 532 532 532 532 532 532  532  532
cossim (row)   532 532 532 532 532 532 532 532  532  532
cossim (col)   532 532 532 532 532 532 532 532  532  532
centjoin (row) 532 532 532 532 532 532 532 532  532  532
centjoin (col) 532 532 532 532 532 532 532 532  532  532
shinv (row)    532 532 532 532 532 532 532 532  532  532
shinv (col)    532 532 532 532 532 532 532 532  532  532
mmc (row)      532 532 532 532 532 532 532 532  532  532
mmc (col)      532 532 532 532 532 532 532 532  532  532
memory (row)   532 532 532 532 532 532 532 532  532  532
memory (col)   532 532 532 532 532 532 532 532  532  532
timecov1 (row) 532 532 532 532 532 532 532 532  532  532
timecov1 (col) 532 532 532 532 532 532 532 532  532  532
               t=2 t=3 t=4 t=5 t=6 t=7 t=8 t=9 t=10 t=11
nets (row)     532 532 532 532 532 532 532 532  532  532
nets (col)     532 532 532 532 532 532 532 532  532  532
cossim (row)   532 532 532 532 532 532 532 532  532  532
cossim (col)   532 532 532 532 532 532 532 532  532  532
centjoin (row) 532 532 532 532 532 532 532 532  532  532
centjoin (col) 532 532 532 532 532 532 532 532  532  532
shinv (row)    532 532 532 532 532 532 532 532  532  532
shinv (col)    532 532 532 532 532 532 532 532  532  532
mmc (row)      532 532 532 532 532 532 532 532  532  532
mmc (col)      532 532 532 532 532 532 532 532  532  532
memory (row)   532 532 532 532 532 532 532 532  532  532
memory (col)   532 532 532 532 532 532 532 532  532  532
timecov1 (row) 532 532 532 532 532 532 532 532  532  532
timecov1 (col) 532 532 532 532 532 532 532 532  532  532
