

##------ Tue Aug  7 18:29:30 2018 ------##


------------ estimating TERGM for: qualtrics --------------
Using 16 cores
              t=2 t=3 t=4 t=5 t=6 t=7 t=8 t=9 t=10
nets (row)    180 180 180 180 180 180 180 180  180
nets (col)    180 180 180 180 180 180 180 180  180
mmc (row)     180 180 180 180 180 180 180 180  180
mmc (col)     180 180 180 180 180 180 180 180  180
memory (row)  180 180 180 180 180 180 180 180  180
memory (col)  180 180 180 180 180 180 180 180  180
timecov (row) 180 180 180 180 180 180 180 180  180
timecov (col) 180 180 180 180 180 180 180 180  180
              t=2 t=3 t=4 t=5 t=6 t=7 t=8 t=9 t=10
nets (row)    180 180 180 180 180 180 180 180  180
nets (col)    180 180 180 180 180 180 180 180  180
mmc (row)     180 180 180 180 180 180 180 180  180
mmc (col)     180 180 180 180 180 180 180 180  180
memory (row)  180 180 180 180 180 180 180 180  180
memory (col)  180 180 180 180 180 180 180 180  180
timecov (row) 180 180 180 180 180 180 180 180  180
timecov (col) 180 180 180 180 180 180 180 180  180
finished successfully.

##------ Tue Aug  7 23:38:10 2018 ------##


------------ estimating TERGM for: qualtrics --------------
Using 16 cores
              t=2 t=3 t=4 t=5 t=6 t=7 t=8 t=9 t=10 t=11
nets (row)    180 180 180 180 180 180 180 180  180  180
nets (col)    180 180 180 180 180 180 180 180  180  180
mmc (row)     180 180 180 180 180 180 180 180  180  180
mmc (col)     180 180 180 180 180 180 180 180  180  180
memory (row)  180 180 180 180 180 180 180 180  180  180
memory (col)  180 180 180 180 180 180 180 180  180  180
timecov (row) 180 180 180 180 180 180 180 180  180  180
timecov (col) 180 180 180 180 180 180 180 180  180  180
              t=2 t=3 t=4 t=5 t=6 t=7 t=8 t=9 t=10 t=11
nets (row)    180 180 180 180 180 180 180 180  180  180
nets (col)    180 180 180 180 180 180 180 180  180  180
mmc (row)     180 180 180 180 180 180 180 180  180  180
mmc (col)     180 180 180 180 180 180 180 180  180  180
memory (row)  180 180 180 180 180 180 180 180  180  180
memory (col)  180 180 180 180 180 180 180 180  180  180
timecov (row) 180 180 180 180 180 180 180 180  180  180
timecov (col) 180 180 180 180 180 180 180 180  180  180
finished successfully.