

##------ Sat May 26 00:09:55 2018 ------##


------------ estimating TERGM for: qualtrics --------------
Using 4 cores
             t=2 t=3 t=4 t=5 t=6 t=7 t=8 t=9 t=10
nets (row)   573 573 573 573 573 573 573 573  573
nets (col)   573 573 573 573 573 573 573 573  573
mmc (row)    573 573 573 573 573 573 573 573  573
mmc (col)    573 573 573 573 573 573 573 573  573
cpc (row)    573 573 573 573 573 573 573 573  573
cpc (col)    573 573 573 573 573 573 573 573  573
memory (row) 573 573 573 573 573 573 573 573  573
memory (col) 573 573 573 573 573 573 573 573  573
             t=2 t=3 t=4 t=5 t=6 t=7 t=8 t=9 t=10
nets (row)   573 573 573 573 573 573 573 573  573
nets (col)   573 573 573 573 573 573 573 573  573
mmc (row)    573 573 573 573 573 573 573 573  573
mmc (col)    573 573 573 573 573 573 573 573  573
cpc (row)    573 573 573 573 573 573 573 573  573
cpc (col)    573 573 573 573 573 573 573 573  573
memory (row) 573 573 573 573 573 573 573 573  573
memory (col) 573 573 573 573 573 573 573 573  573


##------ Sat May 26 08:19:30 2018 ------##


------------ estimating TERGM for: qualtrics --------------
Using 24 cores
             t=2 t=3 t=4 t=5 t=6 t=7 t=8 t=9 t=10
nets (row)   573 573 573 573 573 573 573 573  573
nets (col)   573 573 573 573 573 573 573 573  573
mmc (row)    573 573 573 573 573 573 573 573  573
mmc (col)    573 573 573 573 573 573 573 573  573
cpc (row)    573 573 573 573 573 573 573 573  573
cpc (col)    573 573 573 573 573 573 573 573  573
memory (row) 573 573 573 573 573 573 573 573  573
memory (col) 573 573 573 573 573 573 573 573  573
             t=2 t=3 t=4 t=5 t=6 t=7 t=8 t=9 t=10
nets (row)   573 573 573 573 573 573 573 573  573
nets (col)   573 573 573 573 573 573 573 573  573
mmc (row)    573 573 573 573 573 573 573 573  573
mmc (col)    573 573 573 573 573 573 573 573  573
cpc (row)    573 573 573 573 573 573 573 573  573
cpc (col)    573 573 573 573 573 573 573 573  573
memory (row) 573 573 573 573 573 573 573 573  573
memory (col) 573 573 573 573 573 573 573 573  573


##------ Mon Apr 30 21:21:22 2018 ------##


------------ estimating TERGM for: qualtrics --------------
Using 4 cores
             t=2 t=3 t=4 t=5 t=6 t=7 t=8 t=9 t=10
nets (row)   573 573 573 573 573 573 573 573  573
nets (col)   573 573 573 573 573 573 573 573  573
mmc (row)    573 573 573 573 573 573 573 573  573
mmc (col)    573 573 573 573 573 573 573 573  573
cpc (row)    573 573 573 573 573 573 573 573  573
cpc (col)    573 573 573 573 573 573 573 573  573
memory (row) 573 573 573 573 573 573 573 573  573
memory (col) 573 573 573 573 573 573 573 573  573
             t=2 t=3 t=4 t=5 t=6 t=7 t=8 t=9 t=10
nets (row)   573 573 573 573 573 573 573 573  573
nets (col)   573 573 573 573 573 573 573 573  573
mmc (row)    573 573 573 573 573 573 573 573  573
mmc (col)    573 573 573 573 573 573 573 573  573
cpc (row)    573 573 573 573 573 573 573 573  573
cpc (col)    573 573 573 573 573 573 573 573  573
memory (row) 573 573 573 573 573 573 573 573  573
memory (col) 573 573 573 573 573 573 573 573  573


##------ Mon Apr 30 22:56:10 2018 ------##


------------ estimating TERGM for: qualtrics --------------
Using 4 cores
             t=2 t=3 t=4 t=5 t=6 t=7 t=8 t=9 t=10
nets (row)   573 573 573 573 573 573 573 573  573
nets (col)   573 573 573 573 573 573 573 573  573
mmc (row)    573 573 573 573 573 573 573 573  573
mmc (col)    573 573 573 573 573 573 573 573  573
cpc (row)    573 573 573 573 573 573 573 573  573
cpc (col)    573 573 573 573 573 573 573 573  573
memory (row) 573 573 573 573 573 573 573 573  573
memory (col) 573 573 573 573 573 573 573 573  573
             t=2 t=3 t=4 t=5 t=6 t=7 t=8 t=9 t=10
nets (row)   573 573 573 573 573 573 573 573  573
nets (col)   573 573 573 573 573 573 573 573  573
mmc (row)    573 573 573 573 573 573 573 573  573
mmc (col)    573 573 573 573 573 573 573 573  573
cpc (row)    573 573 573 573 573 573 573 573  573
cpc (col)    573 573 573 573 573 573 573 573  573
memory (row) 573 573 573 573 573 573 573 573  573
memory (col) 573 573 573 573 573 573 573 573  573
