

##------ Tue Aug  7 19:46:51 2018 ------##


------------ estimating TERGM for: qualtrics --------------
Using 16 cores
              t=2 t=3 t=4 t=5 t=6 t=7 t=8 t=9 t=10 t=11
nets (row)    574 574 574 574 574 574 574 574  574  574
nets (col)    574 574 574 574 574 574 574 574  574  574
mmc (row)     574 574 574 574 574 574 574 574  574  574
mmc (col)     574 574 574 574 574 574 574 574  574  574
memory (row)  574 574 574 574 574 574 574 574  574  574
memory (col)  574 574 574 574 574 574 574 574  574  574
timecov (row) 574 574 574 574 574 574 574 574  574  574
timecov (col) 574 574 574 574 574 574 574 574  574  574
              t=2 t=3 t=4 t=5 t=6 t=7 t=8 t=9 t=10 t=11
nets (row)    574 574 574 574 574 574 574 574  574  574
nets (col)    574 574 574 574 574 574 574 574  574  574
mmc (row)     574 574 574 574 574 574 574 574  574  574
mmc (col)     574 574 574 574 574 574 574 574  574  574
memory (row)  574 574 574 574 574 574 574 574  574  574
memory (col)  574 574 574 574 574 574 574 574  574  574
timecov (row) 574 574 574 574 574 574 574 574  574  574
timecov (col) 574 574 574 574 574 574 574 574  574  574
finished successfully.

##------ Fri Mar 15 05:00:02 2019 ------##


------------ estimating TERGM for: qualtrics --------------
Using 4 cores
 t=1 t=2 t=3 t=4 t=5 t=6 t=7 t=8 t=9 t=10 t=11
   1   2   3   4   5   6   7   8   9   10   11
               t=2 t=3 t=4 t=5 t=6 t=7 t=8 t=9 t=10 t=11
nets (row)     532 532 532 532 532 532 532 532  532  532
nets (col)     532 532 532 532 532 532 532 532  532  532
cossim (row)   532 532 532 532 532 532 532 532  532  532
cossim (col)   532 532 532 532 532 532 532 532  532  532
centjoin (row) 532 532 532 532 532 532 532 532  532  532
centjoin (col) 532 532 532 532 532 532 532 532  532  532
shinv (row)    532 532 532 532 532 532 532 532  532  532
shinv (col)    532 532 532 532 532 532 532 532  532  532
mmc (row)      532 532 532 532 532 532 532 532  532  532
mmc (col)      532 532 532 532 532 532 532 532  532  532
memory (row)   532 532 532 532 532 532 532 532  532  532
memory (col)   532 532 532 532 532 532 532 532  532  532
timecov1 (row) 532 532 532 532 532 532 532 532  532  532
timecov1 (col) 532 532 532 532 532 532 532 532  532  532
               t=2 t=3 t=4 t=5 t=6 t=7 t=8 t=9 t=10 t=11
nets (row)     532 532 532 532 532 532 532 532  532  532
nets (col)     532 532 532 532 532 532 532 532  532  532
cossim (row)   532 532 532 532 532 532 532 532  532  532
cossim (col)   532 532 532 532 532 532 532 532  532  532
centjoin (row) 532 532 532 532 532 532 532 532  532  532
centjoin (col) 532 532 532 532 532 532 532 532  532  532
shinv (row)    532 532 532 532 532 532 532 532  532  532
shinv (col)    532 532 532 532 532 532 532 532  532  532
mmc (row)      532 532 532 532 532 532 532 532  532  532
mmc (col)      532 532 532 532 532 532 532 532  532  532
memory (row)   532 532 532 532 532 532 532 532  532  532
memory (col)   532 532 532 532 532 532 532 532  532  532
timecov1 (row) 532 532 532 532 532 532 532 532  532  532
timecov1 (col) 532 532 532 532 532 532 532 532  532  532
finished successfully.