

##------ Tue Aug  7 09:45:30 2018 ------##


------------ estimating TERGM for: leaderamp --------------
Using 16 cores
              t=2 t=3 t=4 t=5 t=6 t=7 t=8 t=9 t=10 t=11
nets (row)    205 205 205 205 205 205 205 205  205  205
nets (col)    205 205 205 205 205 205 205 205  205  205
mmc (row)     205 205 205 205 205 205 205 205  205  205
mmc (col)     205 205 205 205 205 205 205 205  205  205
memory (row)  205 205 205 205 205 205 205 205  205  205
memory (col)  205 205 205 205 205 205 205 205  205  205
timecov (row) 205 205 205 205 205 205 205 205  205  205
timecov (col) 205 205 205 205 205 205 205 205  205  205
              t=2 t=3 t=4 t=5 t=6 t=7 t=8 t=9 t=10 t=11
nets (row)    205 205 205 205 205 205 205 205  205  205
nets (col)    205 205 205 205 205 205 205 205  205  205
mmc (row)     205 205 205 205 205 205 205 205  205  205
mmc (col)     205 205 205 205 205 205 205 205  205  205
memory (row)  205 205 205 205 205 205 205 205  205  205
memory (col)  205 205 205 205 205 205 205 205  205  205
timecov (row) 205 205 205 205 205 205 205 205  205  205
timecov (col) 205 205 205 205 205 205 205 205  205  205
finished successfully.