
=======================================================================================================================================================================================================
                          fbc                          fb0                           fb1                          fb2                          fb3                          fb4                        
-------------------------------------------------------------------------------------------------------------------------------------------------------------------------------------------------------
edges                         -8.67 [ -9.10; -8.31] *     -11.87 [-13.38; -10.20] *      -7.87 [ -8.38; -7.51] *      -9.24 [-10.60; -7.00] *      -9.40 [-10.00; -9.00] *     -11.06 [-12.51; -9.01] *
gwesp.fixed.0                  0.25 [ -0.28;  0.70]        -0.22 [ -0.30;  -0.15] *       0.26 [ -0.29;  0.63]         0.06 [ -0.07;  0.11]         0.26 [ -0.04;  0.52]        -0.07 [ -0.21;  0.06]  
nodefactor.state_code.AZ      -0.61 [ -0.98;  0.15]        -0.56 [ -1.17;  -0.25] *      -0.51 [ -0.84;  0.31]        -0.96 [ -1.34; -0.03] *       0.13 [  0.05;  0.29] *       0.17 [ -0.14;  0.85]  
nodefactor.state_code.BC       0.30 [ -0.04;  0.55]         0.34 [  0.01;   0.57] *       0.35 [  0.18;  0.66] *       0.29 [ -0.06;  0.46]         0.73 [  0.55;  0.87] *       0.15 [  0.06;  0.28] *
nodefactor.state_code.CA       0.32 [ -0.09;  0.61]         0.36 [ -0.09;   0.61]         0.28 [  0.04;  0.61] *       0.08 [ -0.20;  0.25]         0.61 [  0.35;  0.79] *      -0.09 [ -0.26;  0.11]  
nodefactor.state_code.CO       0.40 [  0.12;  0.64] *       0.32 [ -0.17;   0.51]         0.45 [  0.28;  0.71] *       0.23 [  0.09;  0.38] *       0.94 [  0.81;  1.11] *      -0.11 [ -0.17;  0.08]  
nodefactor.state_code.CT       0.33 [  0.15;  0.64] *       0.04 [ -0.38;   0.39]         0.47 [  0.30;  0.82] *       0.25 [  0.14;  0.33] *       0.99 [  0.89;  1.15] *      -0.54 [ -0.62; -0.26] *
nodefactor.state_code.DC      -0.09 [ -0.89;  0.28]        -0.08 [ -0.77;   0.22]        -0.06 [ -0.51;  0.33]        -0.33 [ -0.89; -0.08] *       0.42 [  0.03;  0.68] *      -0.10 [ -0.52;  0.15]  
nodefactor.state_code.DE      -0.93 [-14.45; -0.38] *      -0.50 [-14.19;   0.09]        -0.91 [-12.94; -0.25] *      -0.87 [-13.71; -0.25] *      -0.64 [-12.89; -0.08] *      -0.36 [-11.83; -0.15] *
nodefactor.state_code.FL       0.05 [ -0.05;  0.29]         0.01 [ -0.32;   0.15]         0.11 [  0.01;  0.35] *      -0.01 [ -0.10;  0.18]         0.53 [  0.45;  0.63] *      -0.03 [ -0.21;  0.22]  
nodefactor.state_code.GA      -0.69 [ -1.27; -0.38] *      -0.41 [ -0.77;  -0.19] *      -0.94 [ -1.30; -0.55] *      -0.71 [ -1.05; -0.54] *      -0.50 [ -0.70; -0.29] *      -0.25 [ -0.56; -0.02] *
nodefactor.state_code.IL       0.29 [ -0.03;  0.77]         0.48 [  0.09;   0.66] *       0.39 [  0.12;  0.88] *       0.08 [ -0.08;  0.21]         0.99 [  0.93;  1.08] *      -0.10 [ -0.23;  0.14]  
nodefactor.state_code.IN      -0.68 [ -0.92; -0.44] *      -1.07 [ -1.82;  -0.66] *      -0.45 [ -0.60; -0.14] *      -0.63 [ -0.98; -0.50] *       0.12 [ -0.14;  0.31]        -1.18 [ -1.51; -0.89] *
nodefactor.state_code.KS       0.99 [-12.57;  1.65]         1.74 [ -5.72;   2.16]         0.99 [ -0.06;  1.73]         0.96 [ -6.98;  1.36]         1.41 [  0.58;  1.95] *       0.97 [  0.51;  1.20] *
nodefactor.state_code.MA       0.10 [ -0.28;  0.43]         0.10 [ -0.32;   0.34]         0.11 [ -0.13;  0.50]        -0.11 [ -0.30;  0.04]         0.75 [  0.55;  0.91] *       0.10 [ -0.03;  0.24]  
nodefactor.state_code.MD      -1.02 [ -1.34; -0.67] *      -0.88 [ -1.02;  -0.73] *      -0.87 [ -1.14; -0.49] *      -0.77 [ -0.86; -0.56] *      -0.51 [ -0.61; -0.38] *      -0.58 [ -0.67; -0.44] *
nodefactor.state_code.MI      -1.20 [ -1.56; -0.94] *      -1.15 [ -1.69;  -0.95] *      -1.33 [ -1.53; -1.10] *      -1.03 [ -1.29; -0.83] *      -0.61 [ -0.82; -0.45] *      -0.85 [ -1.15; -0.57] *
nodefactor.state_code.MN      -0.30 [ -0.76;  0.21]        -0.02 [ -0.30;   0.10]        -0.21 [ -0.62;  0.35]        -0.10 [ -0.24;  0.27]         0.17 [ -0.02;  0.37]         0.31 [  0.17;  0.43] *
nodefactor.state_code.MO      -0.34 [-13.86;  0.04]        -0.01 [ -7.55;   0.38]        -0.37 [ -1.42;  0.04]        -0.48 [ -8.33; -0.11] *      -0.37 [ -1.09; -0.01] *      -0.12 [ -0.81;  0.11]  
nodefactor.state_code.MT      -0.32 [ -0.35; -0.30] *      -0.42 [ -0.55;  -0.36] *      -0.86 [ -0.98; -0.80] *      -0.24 [ -0.31; -0.15] *      -0.22 [ -0.25; -0.20] *      -0.33 [ -0.54; -0.04] *
nodefactor.state_code.NA       0.19 [ -0.26;  0.47]         0.14 [ -0.34;   0.43]         0.21 [ -0.03;  0.54]         0.03 [ -0.28;  0.19]         0.68 [  0.43;  0.88] *      -0.12 [ -0.27;  0.05]  
nodefactor.state_code.NC       0.95 [  0.48;  1.51] *       1.11 [  0.60;   1.36] *       1.08 [  0.75;  1.67] *       0.88 [  0.69;  0.95] *       1.74 [  1.54;  1.94] *       0.33 [  0.27;  0.60] *
nodefactor.state_code.NE      -2.18 [-15.77; -1.35] *      -2.18 [-16.19;  -1.18] *      -1.88 [-13.85; -0.82] *      -2.50 [-15.48; -1.87] *      -1.15 [-13.40; -0.33] *      -1.53 [-12.83; -1.20] *
nodefactor.state_code.NH      -0.44 [ -0.60; -0.23] *      -0.77 [ -1.26;  -0.49] *      -0.24 [ -0.39;  0.00]        -0.61 [ -0.77; -0.31] *       0.38 [  0.25;  0.50] *      -0.96 [ -1.00; -0.76] *
nodefactor.state_code.NJ      -2.99 [ -4.55; -2.28] *      -3.41 [ -6.01;  -2.54] *      -2.05 [ -2.80; -1.14] *      -2.63 [ -4.42; -1.68] *      -1.25 [ -1.92; -0.73] *      -1.54 [ -2.72; -0.76] *
nodefactor.state_code.NS       1.86 [  1.63;  2.21] *       1.83 [  1.65;   2.06] *       1.89 [  1.69;  2.27] *       1.26 [  1.17;  1.37] *       2.23 [  2.07;  2.47] *       1.01 [  0.94;  1.25] *
nodefactor.state_code.NV      -0.86 [-14.38; -0.40] *      -1.20 [ -8.46;  -0.67] *      -0.83 [ -1.84; -0.35] *      -1.25 [ -9.03; -0.81] *      -0.34 [ -1.09;  0.04]        -0.74 [ -1.35; -0.05] *
nodefactor.state_code.NY       0.45 [ -0.22;  0.92]         0.52 [ -0.37;   0.89]         0.49 [  0.10;  1.02] *       0.24 [ -0.09;  0.41]         1.08 [  0.82;  1.29] *      -0.11 [ -0.47;  0.24]  
nodefactor.state_code.OH      -0.16 [ -0.58;  0.26]        -0.49 [ -2.15;   0.08]        -0.15 [ -0.48;  0.29]        -0.19 [ -0.59;  0.03]         0.31 [  0.17;  0.46] *      -1.80 [ -3.02; -0.15] *
nodefactor.state_code.OK      -1.10 [-14.62; -0.45] *      -0.82 [-14.49;  -0.22] *      -1.11 [-13.14; -0.27] *      -1.55 [-14.37; -1.05] *      -0.56 [-12.81;  0.11]        -0.66 [-11.89; -0.37] *
nodefactor.state_code.ON       0.19 [  0.01;  0.53] *       0.20 [ -0.17;   0.38]         0.28 [  0.11;  0.63] *       0.09 [ -0.03;  0.24]         0.56 [  0.44;  0.68] *       0.03 [ -0.12;  0.25]  
nodefactor.state_code.OR      -0.26 [ -0.75;  0.01]        -0.75 [ -1.11;  -0.34] *      -0.20 [ -0.51;  0.17]        -0.47 [ -0.71; -0.24] *       0.48 [  0.17;  0.67] *      -0.57 [ -0.72; -0.26] *
nodefactor.state_code.PA      -0.04 [-13.60;  0.57]         0.42 [ -7.74;   0.92]        -0.44 [ -2.56;  0.29]        -0.19 [ -8.56;  0.28]         0.24 [ -1.34;  0.76]        -0.17 [ -0.99;  0.06]  
nodefactor.state_code.QC       0.03 [ -0.39;  0.39]        -0.19 [ -0.74;   0.12]         0.09 [ -0.19;  0.49]        -0.08 [ -0.34;  0.09]         0.74 [  0.44;  0.92] *      -0.28 [ -0.45; -0.10] *
nodefactor.state_code.TN      -0.54 [-14.08;  0.07]        -0.21 [ -7.59;   0.91]        -0.44 [ -1.49;  0.24]        -0.59 [ -8.60; -0.06] *       0.24 [ -0.73;  0.72]        -0.00 [ -0.58;  0.71]  
nodefactor.state_code.TX      -0.24 [ -0.58; -0.01] *      -0.29 [ -0.83;  -0.04] *      -0.26 [ -0.47;  0.02]        -0.31 [ -0.63; -0.10] *       0.27 [  0.05;  0.46] *      -0.21 [ -0.34; -0.03] *
nodefactor.state_code.UT       0.29 [  0.01;  0.53] *       0.25 [ -0.22;   0.51]         0.37 [  0.21;  0.67] *       0.22 [  0.07;  0.33] *       0.80 [  0.73;  0.93] *      -0.13 [ -0.16;  0.03]  
nodefactor.state_code.VA      -0.07 [ -0.41;  0.20]        -0.03 [ -0.58;   0.23]        -0.22 [ -0.50;  0.08]        -0.20 [ -0.56; -0.00] *       0.74 [  0.43;  0.98] *      -0.16 [ -0.26;  0.01]  
nodefactor.state_code.WA       0.82 [  0.67;  1.14] *       0.80 [  0.42;   1.00] *       0.67 [  0.53;  0.98] *       0.45 [  0.25;  0.57] *       1.04 [  0.90;  1.16] *      -0.22 [ -0.32;  0.01]  
nodefactor.state_code.WI      -0.10 [-10.51;  1.60]         1.66 [-10.48;   3.86]        -0.02 [-11.63;  1.50]        -0.96 [-13.28; -0.04] *       0.48 [ -6.16;  2.09]         0.97 [-11.68;  3.76]  
nodefactor.state_code.WV      -0.58 [ -0.80; -0.35] *      -1.07 [ -1.58;  -0.74] *      -0.54 [ -0.73; -0.26] *      -1.33 [ -1.60; -0.77] *       0.06 [ -0.09;  0.15]        -0.73 [ -1.08; -0.19] *
nodematch.state_code          -0.35 [ -0.39; -0.29] *      -0.29 [ -0.32;  -0.23] *      -0.35 [ -0.38; -0.30] *      -0.31 [ -0.34; -0.26] *      -0.30 [ -0.34; -0.26] *      -0.22 [ -0.23; -0.17] *
nodecov.age                    0.03 [  0.03;  0.03] *       0.03 [  0.03;   0.04] *       0.02 [  0.02;  0.02] *       0.03 [  0.02;  0.03] *       0.02 [  0.02;  0.02] *       0.02 [  0.02;  0.03] *
edgecov.mmc[[i]]               1.70 [  0.85;  2.03] *       0.75 [  0.51;   1.04] *       1.68 [  0.74;  2.06] *       1.50 [  1.17;  1.67] *       0.91 [  0.68;  1.19] *       0.31 [  0.06;  0.63] *
nodematch.npm                  2.49 [  1.56;  3.76] *       3.69 [  3.62;   3.86] *       2.47 [  1.65;  3.79] *       3.30 [  3.14;  4.07] *       2.23 [  1.52;  3.11] *       4.20 [  3.87;  4.66] *
edgecov.sim[[i]]               2.28 [  1.84;  2.72] *       1.75 [  1.51;   1.86] *       2.32 [  1.84;  2.73] *       2.55 [  1.43;  3.15] *       0.11 [ -0.51;  0.76]        -0.23 [ -0.59;  0.21]  
nodecov.net_risk                                            0.20 [  0.10;   0.74] *                                                                                              0.47 [  0.36;  0.56] *
nodecov.net_risk_lag                                        0.00 [ -0.48;   0.06]                                                                                                0.02 [ -0.02;  0.03]  
nodematch.ipo_status.0                                                                   -0.78 [ -0.91; -0.70] *                                                                -0.58 [ -0.65; -0.41] *
nodematch.ipo_status.1                                                                    0.12 [  0.05;  0.23] *                                                                -0.16 [ -0.29;  0.05]  
nodecov.constraint                                                                                                    -0.84 [ -3.23;  0.68]                                     -7.91 [ -8.84; -6.01] *
absdiff.constraint                                                                                                     3.52 [  2.89;  3.95] *                                    5.58 [  4.52;  6.10] *
cycle3                                                                                                                                              0.50 [  0.19;  0.82] *       0.55 [  0.41;  0.69] *
cycle4                                                                                                                                              0.16 [  0.14;  0.19] *       0.08 [  0.07;  0.10] *
cycle5                                                                                                                                             -0.00 [ -0.01; -0.00] *      -0.00 [ -0.01; -0.00] *
cycle6                                                                                                                                             -0.00 [ -0.00; -0.00] *      -0.00 [ -0.00; -0.00] *
-------------------------------------------------------------------------------------------------------------------------------------------------------------------------------------------------------
Num. obs.                 126827                       402538                        138180                       332481                       282124                       406704                     
=======================================================================================================================================================================================================
* 0 outside the confidence interval
