
====================================================================================================================================================
                          Model 1                         Model 2                                                     Model 3                       
----------------------------------------------------------------------------------------------------------------------------------------------------
edges                         -7.154 [-39.020; -6.418] *     -10.274 [-7169927368187591.000;               -9.568] *     -10.555 [-10.450; -9.682] *
gwesp.fixed.0                  0.914 [ -5.249;  1.191]         0.120 [               -0.445;   84590433301641.203]        -0.028 [ -0.014;  0.004]  
nodecov.age                    0.025 [ -0.008;  0.026]         0.017 [    -879745857115.186;   11096182155555.141]         0.016 [  0.015;  0.017] *
nodefactor.state_code.AZ      -1.042 [ -1.075; -0.765] *       0.162 [ -215906186116755.500;  443656819712867.562]        -0.164 [ -0.105; -0.044] *
nodefactor.state_code.BC       0.341 [  0.181;  0.419] *       0.789 [-1465626071791342.500;                1.149]         0.718 [  0.680;  0.706] *
nodefactor.state_code.CA       0.330 [  0.269; 15.160] *       0.776 [                0.732;  263182736566537.000] *       0.556 [  0.520;  0.580] *
nodefactor.state_code.CO       0.453 [  0.426; 15.289] *       0.991 [-1209796231551160.750;                1.282]         0.810 [  0.824;  0.839] *
nodefactor.state_code.CT       0.411 [  0.349;  0.792] *       1.125 [                1.125;  783980803358739.250] *       0.971 [  0.959;  1.018] *
nodefactor.state_code.DC      -0.269 [ -0.311; -0.264] *       0.639 [                0.590;  175055474827334.156] *       0.399 [  0.327;  0.414] *
nodefactor.state_code.DE      -1.483 [-11.352; -1.295] *      -0.844 [-2023199415003869.000;                0.235]        -0.765 [-12.133; -1.006] *
nodefactor.state_code.FL       0.120 [  0.095;  0.287] *       0.525 [ -345278949357447.750;   61517273311440.438]         0.385 [  0.319;  0.399] *
nodefactor.state_code.GA      -1.001 [ -1.194; -0.888] *      -0.501 [               -0.701;  464345446386884.625]        -0.558 [ -0.640; -0.559] *
nodefactor.state_code.IL       0.025 [ -0.015;  0.329]         1.019 [   -8342225674778.938;   78406470101343.812]         0.787 [  0.812;  0.823] *
nodefactor.state_code.IN      -0.483 [ -0.606;  0.133]         0.264 [                0.064;  354311665097224.250] *       0.181 [  0.054;  0.125] *
nodefactor.state_code.KS       0.585 [  0.517;  0.609] *       1.725 [-1109866396767548.500;                2.197]         1.709 [  1.752;  1.866] *
nodefactor.state_code.MA       0.063 [  0.014; 14.731] *       0.876 [-1229374163371021.750;                1.293]         0.647 [  0.577;  0.652] *
nodefactor.state_code.MD      -1.481 [ -1.662; -0.832] *      -0.480 [-1818678143918884.750;                0.104]        -0.409 [ -0.442; -0.377] *
nodefactor.state_code.MI      -1.376 [ -1.533; -0.368] *      -0.500 [ -531603844135290.125;   47366648618419.250]        -0.454 [ -0.534; -0.441] *
nodefactor.state_code.MN      -1.262 [ -1.522; -0.929] *       0.212 [-1626745799337308.750;                0.532]         0.303 [  0.316;  0.356] *
nodefactor.state_code.MO      -0.353 [ -0.742; -0.290] *      -0.359 [               -0.364;  154829458635501.656]        -0.443 [ -0.404; -0.272] *
nodefactor.state_code.MT      -0.272 [ -0.282;  0.099]        -0.295 [               -0.340; 1521946037295446.000]        -0.248 [ -0.348; -0.248] *
nodefactor.state_code.NA       0.074 [ -0.032; 14.327]         0.749 [                0.628;  409643148424241.062] *       0.559 [  0.457;  0.552] *
nodefactor.state_code.NC       0.761 [  0.636;  1.293] *       1.867 [-1088551365076363.000;                2.172]         1.693 [  1.682;  1.688] *
nodefactor.state_code.NE      -2.244 [-12.133; -1.033] *      -0.915 [              -12.544;  771215915535928.375]        -1.155 [-12.560; -1.525] *
nodefactor.state_code.NH      -0.431 [ -0.482;  0.242]         0.477 [                0.423;  240442236507493.562] *       0.239 [  0.138;  0.246] *
nodefactor.state_code.NJ      -2.771 [ -2.991;  0.269]        -0.733 [ -873077625390792.000;     289105530153.406]        -0.695 [ -0.799; -0.542] *
nodefactor.state_code.NS       2.081 [  1.962; 16.340] *       2.458 [-1309844692423044.750;                3.294]         1.959 [  1.819;  1.886] *
nodefactor.state_code.NV      -0.906 [ -1.045; -0.908] *       0.074 [-1627424876846650.000;                1.152]        -0.356 [ -0.408; -0.302] *
nodefactor.state_code.NY       0.689 [  0.614; 15.901] *       1.292 [                1.134;  474350563906967.125] *       1.063 [  1.010;  1.034] *
nodefactor.state_code.OH      -0.548 [ -0.706; -0.488] *       0.459 [-1378799523307143.250;                0.772]         0.377 [  0.352;  0.383] *
nodefactor.state_code.OK      -1.376 [-11.260; -1.370] *      -0.442 [-1945526140214720.500;                1.245]        -0.929 [-12.293; -1.225] *
nodefactor.state_code.ON       0.497 [  0.434;  0.761] *       0.659 [                0.572;  561799932159981.125] *       0.488 [  0.450;  0.513] *
nodefactor.state_code.OR      -0.328 [ -0.409; -0.253] *       0.654 [ -423789145534037.312;                1.360]         0.494 [  0.495;  0.520] *
nodefactor.state_code.PA       0.222 [ -1.469;  0.471]         0.164 [               -0.631;  735214555493182.500]         0.116 [ -0.597;  0.067]  
nodefactor.state_code.QC      -0.008 [ -0.085;  0.071]         0.873 [ -355175007603350.688;                1.246]         0.703 [  0.700;  0.702] *
nodefactor.state_code.TN      -0.704 [ -0.898; -0.425] *       0.451 [                0.238;  854283409929338.250] *       0.390 [  0.230;  0.416] *
nodefactor.state_code.TX      -0.319 [ -0.426; -0.154] *       0.344 [                0.239;  568147573024932.250] *       0.235 [  0.109;  0.222] *
nodefactor.state_code.UT       0.551 [  0.461; 15.119] *       0.903 [-1440453046768972.000;                1.348]         0.780 [  0.767;  0.780] *
nodefactor.state_code.VA      -0.011 [ -0.039; 15.449]         0.827 [                0.804;  807499518417225.000] *       0.675 [  0.625;  0.705] *
nodefactor.state_code.WA       1.060 [  0.960; 15.705] *       1.028 [ -845909710820481.000;                1.363]         0.701 [  0.720;  0.727] *
nodefactor.state_code.WI      -1.309 [-11.860; 17.233]         0.257 [               -0.045;  662082346140870.875]        -0.242 [ -0.393; -0.303] *
nodefactor.state_code.WV      -0.783 [ -0.879; -0.743] *       0.168 [-1721910576589460.500;                1.288]        -0.402 [ -0.533; -0.413] *
nodematch.state_code          -0.186 [ -0.193;  0.167]        -0.261 [ -980233476639844.500;  124586916910391.641]        -0.242 [ -0.240; -0.224] *
nodecov.net_risk               0.015 [  0.003;  1.166] *       0.024 [                0.016;  422299759129038.688] *       0.020 [  0.012;  0.531] *
cycle3                                                         0.725 [                0.670;  160578036600312.344] *       0.898 [  0.809;  0.882] *
cycle4                                                         0.138 [                0.111;  168395819167221.000] *       0.115 [  0.111;  0.126] *
cycle5                                                        -0.011 [  -15793255899765.553;               -0.010] *      -0.010 [ -0.010; -0.009] *
edgecov.mmc[[i]]                                               0.724 [ -608327085053418.000;                1.182]         0.641 [  0.606;  0.721] *
nodecov.net_risk_lag                                           0.671 [                0.517;  598318126694603.500] *       0.517 [  0.389;  0.423] *
nodematch.npm                                                  2.440 [                2.110; 1690354498746008.500] *       2.852 [  2.976;  3.026] *
nodematch.ipo_status.0                                        -0.073 [               -0.159; 3346932287877555.000]         0.106 [ -0.014;  0.058]  
nodematch.ipo_status.1                                         0.173 [               -0.004; 2017715538378690.750]         0.303 [  0.276;  0.321] *
nodecov.constraint                                                                                                        -0.621 [ -0.991; -0.006] *
absdiff.constraint                                                                                                         2.739 [  2.386;  2.589] *
----------------------------------------------------------------------------------------------------------------------------------------------------
Num. obs.                 144980                          181841                                                      220347                        
====================================================================================================================================================
* 0 outside the confidence interval
