
=============================================================================================================================================================================================================================================================================================================================================================
                          satmetrix                    empathica                    confirmit                                                 clarabridge                               medallia                                                 qualtrics                                            allegiance                                             
-------------------------------------------------------------------------------------------------------------------------------------------------------------------------------------------------------------------------------------------------------------------------------------------------------------------------------------------------------------
edges                        -11.66 [-13.47; -6.87] *     -11.69 [-12.44; -9.41] *     -11.44 [-3779021345786195.00;                -9.08] *     -11.34 [             -12.11; -6.01] *     -13.26 [-3484196755930244.50;               -9.96] *      -7.88 [-73964899109076.59;             -3.45] *      -9.03 [-5654034997890929.00;               -7.51] *
gwesp.fixed.0                  0.21 [  0.10;  0.23] *       0.14 [  0.01;  0.18] *       0.01 [-6839547816698751.00;                 0.02]        -0.14 [              -0.28; -0.11] *      -0.05 [-2884150256328508.50;               -0.05] *       0.26 [-38226752666873.26;              0.28]         0.10 [-2025187576200898.00;                0.11]  
cycle3                         0.74 [  0.69;  0.88] *       0.62 [  0.57;  0.80] *       0.76 [                0.73; 13270261542560270.00] *       0.46 [               0.44;  0.50] *       0.74 [                0.71; 4809221502962994.00] *       0.66 [              0.64; 90324287263921.69] *       0.91 [                0.87; 5028957353431450.00] *
cycle4                         0.08 [  0.07;  0.09] *       0.08 [  0.07;  0.10] *       0.09 [                0.08;   308342085360527.88] *       0.07 [               0.06;  0.08] *       0.08 [                0.07;  269580637222776.75] *       0.20 [ -4127614733533.75;              0.23]         0.04 [ -395917161906104.50;                0.04]  
cycle5                        -0.03 [ -0.04; -0.02] *      -0.02 [ -0.04; -0.02] *      -0.02 [-5195745596976847.00;                -0.02] *      -0.01 [              -0.01; -0.00] *      -0.03 [-2120950608752828.00;               -0.03] *      -0.04 [ -5138365113575.79;             -0.04] *      -0.01 [ -574941639424330.38;               -0.01] *
cycle6                         0.00 [ -0.00;  0.00]        -0.00 [ -0.00;  0.00]         0.00 [-6095303352928842.00;                 0.00]        -0.00 [              -0.00; -0.00] *       0.00 [ -954061891603010.38;                0.00]         0.00 [ -6442704923604.62;              0.00]         0.00 [ -371263070995675.81;                0.00]  
nodefactor.state_code.BC       0.04 [ -0.81;  0.55]                                     -0.23 [-1273731228788054.25;                 0.09]         0.17 [               0.12;  0.44] *       0.75 [                0.21;  809449200984622.00] *      -1.40 [             -2.26;   672947906388.70]        -0.63 [ -247773979912797.75;               12.68]  
nodefactor.state_code.CA       0.31 [ -0.45;  1.04]         0.33 [  0.27;  0.73] *       0.22 [-1157532765083151.75;                 0.68]        -0.00 [              -0.06;  0.23]         1.20 [                0.69;  796291217129915.75] *      -0.89 [ -1541406048261.68;             -0.54] *      -0.12 [               -1.08;  528919758827776.25]  
nodefactor.state_code.CO       0.74 [  0.01;  1.38] *       0.31 [  0.28;  0.75] *       0.37 [               -0.13;   545188480068135.00]        -0.04 [              -0.09;  0.17]         1.00 [                0.52;  945361555776980.75] *      -1.31 [-69166019999655.13;             -1.01] *      -0.31 [  -95964928808461.62;               12.93]  
nodefactor.state_code.CT       0.23 [ -0.70;  0.86]         0.26 [  0.21;  0.49] *       0.14 [               -0.00;   313333161205359.62]        -0.49 [              -0.54; -0.31] *       1.24 [                0.62;  813988056258037.75] *      -0.94 [-54356360504417.29;             -0.23] *      -0.76 [-1459434237932336.75;               12.35]  
nodefactor.state_code.DC       0.91 [ -0.09;  1.83]         0.36 [  0.03;  0.96] *       0.55 [-1174779453054033.00;                 1.25]        -0.00 [              -0.20;  0.39]         1.69 [                0.94;  667224047335450.25] *      -0.86 [-12624058001699.84;              0.08]        -0.13 [               -0.59;  726918103119028.12]  
nodefactor.state_code.FL      -0.23 [ -0.82;  0.46]        -0.57 [ -0.60; -0.30] *      -0.10 [-1280522460262999.75;                 0.16]         0.04 [               0.00;  0.38] *       0.62 [                0.11;  722129470053358.25] *      -1.28 [             -1.92;   560619438818.80]        -0.52 [ -251435291853007.69;               12.94]  
nodefactor.state_code.GA       0.26 [ -0.81;  0.92]         0.52 [  0.12;  1.02] *      -0.20 [-1527043916159756.50;                 0.28]        -0.13 [              -0.38;  0.06]         1.13 [-1323304113110402.50;                1.66]        -1.62 [ -1381988101292.97;             -1.09] *      -0.88 [               -2.04;  766699837029180.12]  
nodefactor.state_code.IL       0.32 [ -0.41;  0.99]         0.26 [  0.23;  0.61] *       0.40 [-1235473347971714.25;                 0.64]        -0.16 [              -0.22;  0.06]         0.83 [                0.36;  822724826517254.38] *      -0.68 [-65232319838139.59;             -0.40] *      -0.07 [ -142309671941155.94;               13.33]  
nodefactor.state_code.KY       0.01 [ -0.65;  0.51]                                      0.12 [-1215963553434770.50;                 0.35]                                                                                                           -1.39 [             -1.95;  2267480314417.56]                                                           
nodefactor.state_code.MA       0.26 [ -0.59;  0.77]         0.28 [  0.11;  0.61] *       0.11 [-1273127634730662.50;                 0.44]         0.17 [               0.14;  0.25] *       0.82 [                0.34;  812825342471550.12] *      -1.14 [             -1.45;    83285907496.17]        -1.12 [  -73253722421188.94;               12.14]  
nodefactor.state_code.MI       0.06 [ -0.66;  0.62]        -0.02 [ -0.11;  0.29]         0.23 [-1254030071152775.25;                 0.67]        -0.70 [              -0.76; -0.51] *       1.06 [                0.57;  846668864420155.75] *      -0.48 [             -1.19;  2586121319279.99]        -0.67 [ -176202346757378.75;               12.74]  
nodefactor.state_code.MO      -0.01 [ -0.93;  0.77]        -0.43 [ -0.62; -0.13] *      -0.51 [-1216664077725075.00;                 0.02]         0.06 [              -0.27;  0.06]         0.65 [                0.07;  810811308059086.25] *      -1.52 [             -1.97;  2661686615608.54]        -1.26 [ -247744954366092.19;               12.09]  
nodefactor.state_code.MT       0.57 [-12.46;  3.02]         0.09 [-11.74;  2.32]        -0.01 [ -818450013820939.75;                 2.14]        -0.23 [              -0.41; -0.01] *       1.32 [               -0.34; 2252186906557761.50]        -1.41 [            -12.97;  1701182313531.89]        -1.26 [               -2.19;  151468382927241.50]  
nodefactor.state_code.NA       0.10 [ -0.62;  0.70]        -0.01 [ -0.04;  0.24]         0.01 [-1181365799601524.25;                 0.38]        -0.06 [              -0.08;  0.21]         0.92 [                0.43;  808590619275803.75] *      -1.10 [  -858738231900.50;             -0.80] *      -0.55 [               -1.67;  514659565104479.88]  
nodefactor.state_code.NC      -0.55 [ -1.26;  0.18]                                     -0.18 [-1326091307475443.25;                 0.55]         0.35 [               0.31;  0.64] *       0.30 [               -0.23;  196708676222002.56]        -1.29 [ -3702213567733.13;             -0.90] *      -0.79 [ -242904399370801.00;               12.46]  
nodefactor.state_code.NH       0.14 [ -0.84;  0.86]        -0.09 [ -0.12;  0.34]         0.23 [-1267221298759806.25;                 0.79]        -0.97 [              -1.03; -0.37] *       1.01 [-2841611162213964.50;                1.46]        -0.48 [             -1.50;  6502713943063.82]        -0.20 [ -235569867528178.59;               12.84]  
nodefactor.state_code.NJ      -0.61 [-11.64;  0.11]                                     -0.55 [-1252576189830710.50;                -0.17] *      -1.11 [              -1.43; -0.58] *      -0.51 [               -1.18;  586217998753632.25]        -0.55 [             -1.01;  1274876333240.90]        -0.45 [ -209857091292340.94;               12.34]  
nodefactor.state_code.NL       0.79 [  0.28;  1.42] *       0.61 [  0.49;  1.05] *       0.89 [-1301279968250074.00;                 1.15]                                                   1.88 [                1.49;  863341725101085.88] *      -1.23 [             -1.88;  1303056167364.04]        -0.45 [ -304713796850830.25;               13.44]  
nodefactor.state_code.NV      -0.30 [ -0.98;  0.42]        -0.43 [ -0.87;  0.21]         0.04 [-1264084509304640.00;                 0.49]        -0.59 [              -0.97;  0.45]         0.90 [-2772985449169954.50;                1.43]        -1.20 [  -143179477596.95;             -0.99] *      -1.13 [ -574378495241553.62;               12.72]  
nodefactor.state_code.NY       0.96 [  0.19;  1.51] *       0.87 [  0.87;  1.13] *       0.67 [-1306033117067861.50;                 0.95]         0.08 [               0.04;  0.31] *       1.77 [                1.29;  496854218468721.88] *      -0.81 [-67206621660116.22;             -0.38] *      -0.27 [ -177692296511378.19;               13.00]  
nodefactor.state_code.OH       0.58 [ -0.53;  1.29]        -0.12 [ -0.30;  0.36]         0.43 [-1301443705140603.00;                 0.79]        -0.40 [              -0.43;  0.05]         1.73 [                1.21;  856252259276601.25] *      -0.39 [             -1.33;   216466887937.11]        -0.25 [ -235958967016402.44;               12.94]  
nodefactor.state_code.ON       0.07 [ -0.50;  0.74]        -0.37 [ -0.37;  0.10]        -0.12 [-1274400315437616.25;                 0.14]         0.10 [               0.09;  0.42] *       0.75 [-1920618283637706.50;                1.03]        -0.76 [ -4728048386446.02;             -0.34] *      -0.62 [ -236972167088640.12;               12.89]  
nodefactor.state_code.OR       0.75 [ -0.36;  1.13]         0.11 [ -0.05;  0.60]        -0.30 [ -712701109485756.75;                -0.01] *      -0.57 [              -0.74; -0.01] *       1.64 [-1440454043885966.00;                2.19]        -1.29 [ -1498505485067.22;             -0.66] *      -0.82 [  -83980012971132.69;               12.55]  
nodefactor.state_code.PA      -0.13 [-11.13;  0.58]         0.37 [-11.84;  0.64]        -0.55 [-1114722379160110.50;                -0.35] *       0.02 [              -0.28;  0.13]         0.77 [-2504878599336363.00;                1.23]        -2.43 [ -6714304096128.69;             -2.43] *      -1.35 [               -2.92;  244070144098954.69]  
nodefactor.state_code.QC       0.41 [ -0.08;  0.87]        -0.34 [ -0.39;  0.04]         0.48 [-1301622726244529.50;                 0.64]        -0.25 [              -0.34;  0.32]         0.96 [-2784298639836363.00;                1.44]        -0.91 [             -1.59;   791312112325.89]        -0.41 [ -238198189998705.38;               13.09]  
nodefactor.state_code.TX      -0.03 [ -0.54;  0.63]         0.10 [  0.09;  0.40] *      -0.03 [-1161704518265299.25;                 0.19]        -0.16 [              -0.19;  0.04]         1.05 [                0.65;  839625604891023.25] *      -1.37 [  -402998542683.42;             -1.12] *      -0.55 [               -1.64;  619716906212226.88]  
nodefactor.state_code.UT       0.40 [ -0.24;  1.05]         0.29 [  0.29;  0.66] *       0.25 [-1373432392320054.75;                 0.55]        -0.10 [              -0.13;  0.15]         1.21 [                0.72;  682817867111737.75] *      -1.11 [  -411243118568.31;             -0.63] *      -0.60 [ -146421450591467.12;               12.76]  
nodefactor.state_code.VA       0.97 [ -0.06;  1.57]         0.44 [  0.22;  0.78] *       0.52 [-1337915966968803.50;                 0.79]        -0.07 [              -0.15; -0.00] *       1.19 [                0.62;  734024598758507.25] *      -0.71 [             -1.32;   207360278066.98]        -0.60 [  -77556301200224.81;               12.70]  
nodefactor.state_code.WA       0.03 [ -0.58;  0.70]         0.05 [  0.04;  0.42] *      -0.02 [-1270129727638474.00;                 0.31]        -0.17 [              -0.25;  0.16]         0.94 [                0.47;  830049274788209.00] *      -0.75 [ -2448391869437.25;             -0.29] *      -0.89 [  -83627869560143.03;               12.45]  
nodefactor.state_code.WI      -0.61 [ -1.23;  0.11]                                     -0.04 [-1260257445631706.00;                 0.74]         1.28 [            -431.78;  3.05]         0.93 [-2780675999545066.00;                1.23]        -1.49 [             -2.03;   489537378714.00]                                                           
nodematch.state_code          -0.15 [ -0.20; -0.09] *      -0.26 [ -0.41; -0.13] *      -0.14 [ -156148144803899.56;                -0.12] *      -0.18 [              -0.23; -0.10] *      -0.13 [  -37343106039300.50;               -0.06] *      -0.07 [             -0.09;  1373275345822.56]        -0.19 [               -0.20;  217809351629718.69]  
nodecov.age                    0.01 [  0.01;  0.01] *       0.01 [  0.01;  0.02] *       0.01 [   -1172162901675.83;                 0.01]         0.02 [               0.01;  0.02] *       0.01 [                0.01;    2176255809597.22] *      -0.00 [  -210905696345.43;              0.00]        -0.01 [    -247134760142.20;               -0.00] *
edgecov.mmc[[i]]               0.16 [ -0.01;  0.33]        -0.15 [ -0.35;  0.22]         0.16 [               -0.06;   496319241123477.75]         0.14 [              -0.07;  0.27]        -0.09 [ -550556840206948.75;                0.31]         0.16 [-43103707164739.30;              0.51]        -0.49 [-5273684008407834.00;               -0.24] *
nodecov.net_risk               0.52 [  0.34;  0.53] *       0.60 [  0.45;  0.64] *       0.45 [                0.34;   311610162532235.25] *       0.52 [               0.19;  0.55] *       0.44 [                0.31;   36895824928455.20] *       0.31 [              0.18;  1726403813999.84] *       0.48 [                0.22;   36432471611810.91] *
nodecov.net_risk_lag          -0.01 [ -0.01;  0.23]         0.03 [ -0.01;  0.21]         0.01 [               -0.01;    31455964397527.33]        -0.01 [              -0.03;  0.08]         0.02 [ -173328270370456.25;                0.19]         0.03 [  -988079425602.80;              0.12]        -0.01 [               -0.06;   30388830680767.94]  
nodematch.npm                  3.93 [  3.75;  4.40] *       4.07 [  3.51;  5.04] *       3.52 [                3.27;  1810747234185074.00] *       4.29 [               4.06;  4.75] *       3.56 [                3.42; 1340669771324925.00] *       3.21 [              3.17; 68066460379039.44] *       3.71 [                3.55;  940825148233865.00] *
nodematch.ipo_status.0        -0.15 [ -0.21; -0.03] *      -0.07 [ -0.20;  0.13]         0.09 [               -0.09;   115287636837441.00]        -0.56 [              -0.62; -0.31] *      -0.02 [               -0.17;  192405131639583.62]        -0.36 [ -1731599313797.43;             -0.25] *      -1.57 [               -1.72; 2316159179178040.00]  
nodematch.ipo_status.1        -0.26 [ -0.36; -0.12] *      -0.19 [ -0.25;  0.14]        -0.23 [               -0.29;  1250203919750976.00]        -0.24 [              -0.37;  0.02]        -0.08 [-1427555996875923.75;                0.04]        -0.14 [             -0.53;  7646538042700.76]        -0.05 [               -0.31; 1399174764364141.25]  
nodecov.constraint            -7.36 [ -8.06; -5.89] *      -8.27 [ -9.01; -7.05] *      -7.05 [               -8.02;   267142037884466.00]        -8.18 [              -8.62; -6.40] *      -6.03 [               -6.49;  217531544978196.25]        -4.39 [ -5134890780875.39;             -2.75] *      -8.23 [               -8.33;  116664451943385.38]  
absdiff.constraint             5.36 [  4.70;  5.92] *       5.45 [  4.71;  6.24] *       5.53 [                4.14;  1155838972215483.00] *       5.62 [               4.62;  6.01] *       4.25 [ -890908936969456.00;                4.64]         3.65 [              2.61;  7212609917397.16] *       6.69 [                6.10;    6471125974902.00] *
nodefactor.state_code.DE                                                                -0.07 [-1248618218760687.00;                 1.09]        -0.26 [     -7984362516.55; -0.13] *       1.59 [-2793555718139743.00;                1.86]        -1.22 [             -1.45;   840134363023.73]        -0.18 [               -1.62;  444759883861888.94]  
nodefactor.state_code.LA                                                                -0.28 [ -830599029099003.88;                 0.70]                                                                                                           -0.99 [-18071230286695.79;             -0.24] *      -0.82 [ -555752290471169.38;               12.70]  
nodefactor.state_code.NM                                                                -0.32 [-1261181332644967.75;                -0.23] *                                                                                                         -1.40 [             -1.95;  2056574618095.70]        -0.87 [ -563908249520112.12;               12.84]  
nodefactor.state_code.AZ                                                                                                                           0.26 [              -0.02;  1.10]                                                                 -1.63 [             -2.21;   890953192774.26]         1.11 [               -0.05;  733662049364189.00]  
nodefactor.state_code.IN                                                                                                                          -1.13 [              -1.32; -0.31] *                                                               -0.76 [             -1.51;   498097410856.57]        -1.84 [               -2.96;  163472826802788.38]  
nodefactor.state_code.KS                                                                                                                           1.06 [               0.77;  1.20] *                                                               -1.45 [             -2.12;   549031234210.33]         0.42 [               -0.57;  744683468810758.50]  
nodefactor.state_code.MD                                                                                                                          -0.56 [              -0.64; -0.17] *                                                               -1.49 [             -1.83;  1423857528797.86]         0.06 [               -1.60;  979452761854025.88]  
nodefactor.state_code.MN                                                                                                                           0.33 [               0.28;  0.51] *                                                                                                                                                                       
nodefactor.state_code.NE                                                                                                                          -1.49 [     -7984364718.22;  0.13]                                                                                                                       0.27 [               -1.09;  744930603155457.25]  
nodefactor.state_code.NS                                                                                                                           1.03 [               0.98;  1.25] *       0.10 [-2796087606475334.00;                0.60]                                                                                                                
nodefactor.state_code.OK                                                                                                                          -0.62 [     -7984363444.23;  0.05]                                                                                                                                                                         
nodefactor.state_code.TN                                                                                                                           0.22 [-885517850881368.50;  1.79]                                                                 -1.10 [   -35362967653.95;             -0.30] *                                                         
nodefactor.state_code.WV                                                                                                                          -0.66 [              -0.98;  0.21]                                                                                                                                                                         
nodefactor.state_code.AR                                                                                                                                                                                                                                                                                  -0.02 [ -134034733154448.00;               13.01]  
nodefactor.state_code.RI                                                                                                                                                                                                                                                                                  -0.82 [ -555752290476157.12;               12.70]  
nodefactor.state_code.SC                                                                                                                                                                                                                                                                                   0.23 [               -1.12;  743942064114884.12]  
nodefactor.state_code.VT                                                                                                                                                                                                                                                                                   0.08 [               -1.12;  907493689404924.75]  
-------------------------------------------------------------------------------------------------------------------------------------------------------------------------------------------------------------------------------------------------------------------------------------------------------------------------------------------------------------
Num. obs.                 137420                       101554                       318706                                                    217678                                    261725                                                   335918                                               500960                                                 
=============================================================================================================================================================================================================================================================================================================================================================
* 0 outside the confidence interval
