
===========================================================================================================================================================================
                        m1                           m2                           m3a                          m3b                            m4b                          
---------------------------------------------------------------------------------------------------------------------------------------------------------------------------
edges                     -4.756 [-7.051; -4.444] *    -4.755 [-6.815; -4.436] *    -5.034 [-7.258; -4.628] *    -5.036 [ -6.978;  -4.629] *    -5.050 [ -7.368;  -4.675] *
gwesp                      0.539 [ 0.179;  0.833] *     0.539 [ 0.219;  0.849] *     0.542 [ 0.213;  1.066] *     0.544 [  0.265;   0.841] *     0.539 [  0.183;   0.815] *
triangle                   0.675 [ 0.255;  0.806] *     0.674 [ 0.129;  0.839] *     0.670 [-0.315;  0.804]       0.670 [  0.250;   0.837] *     0.662 [  0.088;   0.837] *
cycle4                     0.214 [ 0.167;  0.303] *     0.214 [ 0.172;  0.306] *     0.214 [ 0.169;  0.307] *     0.214 [  0.174;   0.300] *     0.213 [  0.168;   0.297] *
cycle5                    -0.037 [-0.048;  0.000]      -0.037 [-0.051;  0.033]      -0.037 [-0.048;  0.207]      -0.037 [ -0.051;   0.001]      -0.038 [ -0.048;   0.038]  
cycle6                     0.002 [-0.005;  0.003]       0.002 [-0.010;  0.004]       0.002 [-0.036;  0.003]       0.002 [ -0.005;   0.004]       0.002 [ -0.010;   0.003]  
nodecov.env_risk           0.002 [ 0.000;  1.322] *     0.002 [ 0.000;  1.160] *     0.001 [ 0.000;  1.206] *     0.001 [  0.000;   1.038] *    -0.001 [ -0.003;   1.217]  
edgecov.mmc                                            -0.084 [-0.300;  0.581]      -0.081 [-0.339;  0.634]      -0.061 [ -0.267;   0.653]      -0.049 [ -0.321;   0.603]  
nodematch.ipo_status                                                                 0.300 [ 0.148;  0.682] *                                                              
nodematch.ipo_status.0                                                                                            0.303 [  0.153;   0.627] *     0.281 [  0.187;   0.556] *
nodematch.ipo_status.1                                                                                          -11.936 [-16.598; -12.936] *   -11.915 [-16.751; -13.915] *
nodecov.env_risk_lag                                                                                                                             0.007 [ -0.004;   0.731]  
---------------------------------------------------------------------------------------------------------------------------------------------------------------------------
Num. obs.               8559                         8961                         9477                         9486                           9766                         
===========================================================================================================================================================================
* 0 outside the confidence interval
