
=============================================================================================================================================================================================================================================================================================================================================================================================================================================
                          clarabridge                                               medallia                                                   qualtrics                                                satmetrix                                                 confirmit                                                  empathica                                                allegiance                                             
---------------------------------------------------------------------------------------------------------------------------------------------------------------------------------------------------------------------------------------------------------------------------------------------------------------------------------------------------------------------------------------------------------------------------------------------
edges                         -5.34 [-3587627751884255.00;                -5.19] *      -5.79 [-4333035568935046.00;                 -5.28] *      -3.50 [-3160476956742531.50;               -2.60] *      -4.06 [-3456979944569813.50;    10489883362282.40]        -4.76 [-2789344244801504.50;                 -4.34] *      -5.16 [-2083537962154282.75;               -5.16] *      -4.96 [-3229152933827189.00;               -0.92] *
gwesp.fixed.0                 -0.25 [  -79640121723070.95;    15821512960214.10]        -0.22 [ -126114179603123.61;      5107599001866.93]         0.16 [  -26487822501769.16;   30005201709895.96]        -0.15 [  -93759238021211.83;   161272576987532.25]        -0.16 [  -23872006424454.97;     43634466680540.55]        -0.20 [ -143119303116878.94;   15139994652577.34]        -0.11 [               -0.43;  186502943165925.56]  
gwdegree                      -3.18 [ -188576463794308.09;     3686054739230.57]        -2.73 [ -793609086507647.25;    622523115244092.50]        -2.09 [ -254207610415992.28;  562571540028527.50]        -2.93 [ -932149763559767.38;   307469015760090.31]        -2.68 [ -210620931052867.12;    274441855222316.88]        -3.04 [-1213310307811356.75;               -1.82] *      -2.79 [               -3.51;  266334896201283.12]  
cycle3                         0.53 [                0.46;   245136553642984.06] *       0.86 [                0.81;    277550763715916.97] *       0.74 [                0.68;  235137647285948.25] *       0.90 [                0.83;   294230210181026.94] *       0.90 [    -258637481066.49;    220823778859909.12]         0.86 [                0.74;  332977890135485.38] *       1.05 [                1.01;  282471206930502.06] *
cycle4                         0.07 [  -28247270652168.59;    16460318187964.72]         0.08 [                0.07;     41833571599725.52] *       0.20 [                0.18;   67772353470064.62] *       0.10 [  -19116054216672.75;    57778836049064.16]         0.10 [    -297909162778.89;     45557690054651.23]         0.07 [  -36806004856282.75;   44365606647409.04]         0.05 [  -26927227584537.18;   18798496811259.93]  
cycle5                        -0.00 [    -951175003766.71;     1586054285174.18]        -0.03 [   -8948640141775.63;                 -0.03] *      -0.04 [  -10663674142573.37;               -0.04] *      -0.03 [   -7123539349507.51;     1812357692761.69]        -0.03 [  -10020794837002.20;                 -0.02] *      -0.02 [   -7361637351733.84;    2367233412273.85]        -0.01 [   -2166996163123.95;               -0.01] *
cycle6                        -0.00 [    -369696263304.98;                 0.00]         0.00 [      -5515670383.03;       655044393155.29]         0.00 [                0.00;     439528150757.34] *       0.00 [    -752343188968.54;       36060159880.13]         0.00 [                0.00;       578460414100.84] *       0.00 [    -488841978391.96;       1107321548.02]         0.00 [     -59986582399.34;     256251734676.78]  
nodefactor.state_code.AZ       0.60 [                0.22;  1211074474709470.75] *                                                                 -1.33 [ -559444938305450.38;               -0.91] *                                                                                                                                                                                     1.49 [               -0.68; 1268397120291256.75]  
nodefactor.state_code.BC       0.70 [  -14537208246572.27;   309921922127644.94]        -0.11 [ -543994837801003.31;   1131097477576415.75]        -1.20 [ -618988056668062.88;               -0.73] *      -0.53 [ -461585534217684.19;   710124919958069.12]        -0.34 [ -694656803812772.12;                 -0.16] *                                                                0.37 [ -134902758593511.75;  345526447917740.75]  
nodefactor.state_code.CA       0.48 [  -45930541251884.09;   309121916942705.38]         0.65 [  -50552707999138.61;   1599754804373052.00]        -0.51 [ -353928636778507.12;               -0.04] *      -0.16 [ -363419010240918.38;  1165212940381083.50]         0.20 [ -309225113034059.81;                  0.46]         0.55 [                0.51;  491774602966831.94] *       1.00 [               -1.04; 1078071393981200.00]  
nodefactor.state_code.CO       0.60 [    -316913624903.51;   315408272237765.06]         0.47 [ -109981499388497.89;   1514816142563298.50]        -1.22 [ -653703286962953.25;               -0.72] *       0.03 [ -284169036998208.56;  1363461356756447.00]        -0.05 [ -510171355444042.62;                  0.17]         0.48 [   -2049350630621.60;  448564177565516.06]         0.69 [  -38363397178238.22;  746721472373110.00]  
nodefactor.state_code.CT       0.21 [  -11247737250588.16;   361408416158746.12]         0.47 [ -181621643343498.56;   1347429331350377.75]        -0.73 [ -415491892901881.44;                0.00]        -0.29 [ -351181913027388.44;   720361446736705.00]         0.05 [ -520874513400441.75;                  0.21]         0.28 [ -161728207109742.03;  464334790275362.81]         0.40 [               -1.80;  793305620010913.50]  
nodefactor.state_code.DC       0.45 [               -0.09;   389042752236580.94]         0.59 [ -284138377567662.81;   1392333935060836.75]        -0.82 [ -390399361039405.81;               -0.52] *      -0.10 [-3242218667929903.50;  1383364462480159.25]         0.11 [ -858263965249067.50;                  0.31]        -0.06 [-2088170655550089.25;  229856320946334.78]         0.33 [    -115699573394.55; 1036375566042100.12]  
nodefactor.state_code.DE      -0.13 [ -864660810844304.62;                 0.16]         0.70 [ -178428121121304.75;   1629721444967422.50]        -0.80 [ -380336509013813.69;               -0.62] *                                                                -0.44 [ -871925677482111.25;                  0.14]                                                                  0.51 [ -320730177273089.19;  272470382537339.22]  
nodefactor.state_code.FL       0.53 [ -134034737692721.72;   145923456583481.81]        -0.16 [ -446459836407083.62;   1199482942021243.00]        -1.00 [ -600838191983087.88;               -0.73] *      -0.47 [ -393268550686545.00;  1265030221843563.00]        -0.21 [ -656354529414770.75;                 -0.00] *      -0.28 [ -198168058509769.47;  392846856498122.88]         0.63 [ -291955794098207.94;  531262227039255.50]  
nodefactor.state_code.GA      -0.17 [ -443530622663367.62;   162658920339312.00]         0.25 [ -363650722413867.56;   1656307660897751.00]        -1.37 [ -451059027693242.69;               -0.66] *      -0.76 [ -741977488350644.62;  1341581874741975.00]        -0.63 [ -888910542141095.25;                 -0.20] *      -0.12 [ -610565052178263.50;  367927605719174.31]         0.33 [    -502046324167.27;  808322916371958.75]  
nodefactor.state_code.IL       0.46 [  -50151591915338.66;   306479207604365.19]         0.53 [  -37979804289555.43;   1421104436258714.50]        -0.36 [ -330396795540396.69;               -0.13] *      -0.01 [ -425962032612059.50;   787669384014536.88]         0.41 [ -316306261882466.31;                  0.65]         0.92 [   -2724217493248.28;  429315488049409.19]         0.99 [ -110115275823011.73;  741764371707524.00]  
nodefactor.state_code.IN       0.01 [  -42046007000290.28;   151124646193794.84]                                                                   -0.87 [ -410430213583246.25;               -0.58] *                                                                                                                                                                                    -1.17 [ -439031765896417.94;  457882858559956.69]  
nodefactor.state_code.KS       1.00 [                0.58;   908471071574460.25] *                                                                 -1.18 [ -488291343435794.12;               -0.78] *                                                                                                                                                                                     1.20 [               -0.97; 1373471270820156.25]  
nodefactor.state_code.MA       0.50 [  -30577257982378.48;   366753733241014.19]         0.31 [  -27349391817162.82;   1172536326374232.50]        -0.59 [ -574400046921083.00;               -0.11] *      -0.62 [ -498287854857165.75;   665320489399673.12]        -0.13 [ -619434684921901.00;                  0.09]         0.20 [ -251442319022674.81;  492309183573151.50]        -0.26 [ -220725427010436.50;   66812229717486.86]  
nodefactor.state_code.MD      -0.15 [ -199254380036734.78;    77820150673304.64]                                                                   -1.35 [ -212951377483972.25;               -1.02] *                                                                                                                                                                                     0.52 [  -63277421267850.34; 1331016543774859.00]  
nodefactor.state_code.MI      -0.43 [ -124503212674770.16;   137138651111410.75]         0.05 [ -392204293597134.88;   1259216346003509.50]        -0.61 [ -236246696683032.94;               -0.46] *      -0.93 [ -585272622151353.75;  1114773053288742.25]        -0.32 [ -643052292191981.50;                  0.12]        -0.24 [ -467537505306541.44;  459238103465824.88]         0.11 [ -205158546113329.12;   89131180515633.45]  
nodefactor.state_code.MN       0.48 [                0.07;   280471554928414.16] *                                                                                                                                                                                                                                                                                                                                                           
nodefactor.state_code.MO      -0.34 [ -658090744583038.62;                -0.13] *      -0.36 [ -372474099838779.69;   1081754242392738.62]        -1.18 [ -620288023489462.50;               -0.98] *      -1.19 [ -584570188699410.12;   681637504333775.12]        -0.78 [-1234993114198753.25;                 -0.44] *      -0.42 [ -418570612323057.19;  214182589403380.16]        -0.29 [ -157465358574791.28;  569551592048294.38]  
nodefactor.state_code.MT      -0.01 [  -41657701298120.44;   242829908817772.12]         0.55 [-1643007054452601.75;    623736615488380.50]        -0.87 [-2015400833986445.25;                0.15]         0.20 [-3020262787920249.50;   821553250740370.62]         0.11 [-1959620566929607.50;                  1.41]         0.71 [-2546083319581526.50;  594017294283396.00]        -0.06 [ -280829530296244.66;  492300046378852.38]  
nodefactor.state_code.NA       0.52 [  -36428391162403.16;   334429940158047.75]         0.32 [  -42490680908966.93;   1135241111323084.50]        -0.89 [ -463670388303240.56;               -0.50] *      -0.42 [ -428807004207925.69;  1293682280189336.25]        -0.16 [ -446693456510229.19;                  0.05]         0.28 [                0.21;  424326078004439.44] *       0.47 [  -31485675634965.06;  573259170610995.88]  
nodefactor.state_code.NC       1.04 [                0.75;   771165761043421.25] *       0.03 [ -198098257677036.88;    949732541693302.12]        -1.10 [ -485132157236662.44;               -0.81] *      -0.83 [ -423147672284804.62;  1222300917751586.00]        -0.45 [ -836874472174371.75;                 -0.05] *                                                                0.09 [  -77650759117472.53;  224747693960961.00]  
nodefactor.state_code.NE      -0.34 [ -387558605154592.31;      124662668387.66]                                                                                                                                                                                                                                                                                                           0.85 [               -1.43; 1304479212549934.50]  
nodefactor.state_code.NH       0.13 [    -896985602199.77;   194168597725283.06]         0.31 [ -358267420297598.69;   1299106835797494.00]        -0.86 [ -325276379454257.00;               -0.57] *      -0.59 [ -634583307073769.88;  1152416296958729.75]        -0.41 [ -867753536671301.00;                 -0.16] *       0.31 [ -896139088195023.88;  421545223846529.94]         0.80 [   -1938808456561.46; 1143100195532648.75]  
nodefactor.state_code.NJ      -0.44 [               -1.81;   783927032782183.88]        -1.21 [ -366078616527835.06;    867057361156580.38]        -0.46 [ -519701199741128.38;                0.15]        -0.62 [ -514178708208554.12;   687539170144779.00]        -0.69 [ -460895934088480.44;                 -0.20] *                                                                0.17 [ -130028296067426.89;  987012846137792.12]  
nodefactor.state_code.NS       1.58 [                1.56;  1089140141776580.00] *       0.46 [ -158018489995185.66;    821270951329735.38]                                                                                                                                                                                                                                                                                                  
nodefactor.state_code.NV       0.13 [              -11.96;   794995741339709.12]         0.18 [ -586017868938177.00;   1059721141911184.12]        -1.44 [ -681166760621420.25;               -1.21] *      -0.72 [ -429095856220071.00;  1199078396675078.25]        -0.47 [ -287669510645418.62;                 -0.12] *       0.02 [ -804863935361125.50;  470723572071795.81]        -0.01 [               -2.22; 1473001612243907.50]  
nodefactor.state_code.NY       0.81 [                0.67;   340788176790091.00] *       1.06 [                0.66;   1402488393627538.50] *      -0.74 [ -380481131723289.50;               -0.35] *       0.54 [ -185140463781375.38;  1257549992056772.00]         0.49 [ -225045734246316.97;                  0.69]         1.41 [                1.34;  807807013268181.62] *       0.78 [               -1.28;  911517621408138.62]  
nodefactor.state_code.OH       0.36 [ -275158444218511.06;   235214044314607.38]         0.89 [  -99281340999403.12;   1492319882105270.75]        -0.23 [ -177957428658554.38;                0.47]        -0.31 [-1386466008803536.50;   502077876111160.69]         0.01 [ -475582869306556.75;                  0.26]         0.56 [                0.26;  474532440776736.94] *       0.65 [               -1.52;  738726021495915.12]  
nodefactor.state_code.OK      -0.19 [ -729316558071394.88;                 0.17]                                                                                                                                                                                                                                                                                                                                                             
nodefactor.state_code.ON       0.59 [   -7407809059778.54;   213481578777229.50]         0.23 [ -296915565678699.50;   1146347714513084.25]        -0.73 [ -389273478780626.00;               -0.34] *      -0.27 [ -507306313739619.69;  1242575459154524.75]        -0.20 [ -639125702604395.50;                 -0.01] *       0.18 [ -162986711752825.66;  364928808746801.31]         0.62 [ -123815247594718.91;  419748159615408.94]  
nodefactor.state_code.OR       0.35 [                0.28;   591319913024815.50] *       0.56 [ -250046931972779.81;    546572252291054.88]        -1.00 [ -764633853749741.88;               -0.59] *      -0.07 [ -600598363523224.62;   469628865702982.00]        -0.42 [ -936719033052979.38;                 -0.18] *       0.47 [  -52020000143527.18;  498938329638377.12]         0.19 [ -357656819888714.38;  695395057636702.25]  
nodefactor.state_code.PA       0.49 [ -157921717161283.84;   316036978983350.50]         0.59 [ -125598240256971.62;   1102190299138793.88]        -1.75 [-1044951400485540.38;               -1.51] *       0.11 [ -574123613955129.25;   412568288993979.19]        -0.19 [ -782576291840725.00;                  0.14]         0.94 [              -11.82;  559708268280938.00]         0.01 [ -480581395510662.31;  720243417693811.88]  
nodefactor.state_code.QC       0.55 [                0.18;   349797272078022.38] *       0.50 [ -129145760426069.53;   1046558189405493.12]        -0.80 [ -501299625264543.88;               -0.44] *       0.16 [ -169924687706373.72;  1432470525936012.75]         0.20 [ -360730931123263.12;                  0.38]         0.69 [ -723929593407030.25;  520843146409939.19]         0.63 [               -1.55;  952913336708884.50]  
nodefactor.state_code.TN       0.32 [               -0.83;   684792000314387.50]                                                                   -0.98 [-2055182872652033.25;               -0.44] *                                                                                                                                                                                                                                       
nodefactor.state_code.TX       0.25 [  -16604714798382.22;   279360004817690.19]         0.39 [ -334700335967913.75;   1336766137391111.25]        -0.92 [ -626475686224870.88;               -0.63] *      -0.18 [ -439831479074760.69;  1284606902126825.50]         0.06 [ -441053537160021.69;                  0.32]         0.37 [ -191199792177615.41;  518962050835735.88]         0.42 [ -125402729669430.25;  395447744285926.12]  
nodefactor.state_code.UT       0.56 [    -616928430725.12;   272756227701712.59]         0.49 [ -136447920448643.78;   1164594094450506.00]        -0.96 [ -562429197988481.44;               -0.58] *      -0.07 [ -394824091210441.75;  1272780017467208.50]         0.02 [ -418909612789610.44;                  0.18]         0.57 [  -54667277407808.73;  520973021599569.25]         0.78 [    -255564911203.85;  928085827153691.38]  
nodefactor.state_code.VA       0.31 [  -39857268765100.86;   372363817430909.56]         0.59 [  -96382242930149.80;   1472451657186459.25]        -0.35 [ -216731050654953.84;                0.32]         0.36 [ -214412920130043.16;  1355730141327953.50]         0.36 [ -314893873798458.56;                  0.57]         0.62 [  -89477827169467.36;  519466153489883.50]         0.49 [  -64419613633134.70;  456544747886424.81]  
nodefactor.state_code.WA       0.47 [  -44461685676331.14;   267154696034821.19]         0.41 [ -220406349345308.50;   1349379106254013.25]        -0.68 [ -353729831524428.12;               -0.20] *      -0.35 [ -422770039712224.62;  1121676905589368.50]        -0.28 [ -480994977892733.12;                 -0.07] *       0.48 [ -331291899144352.69;  498128225520292.94]         0.20 [ -105477665282322.00;  306871888224241.06]  
nodefactor.state_code.WI      -1.08 [-3480339049481155.50;   164830956532149.62]         0.47 [ -435294462479880.12;   1145618154792337.50]        -1.42 [ -520149520601536.19;               -1.24] *      -0.63 [ -439746495496893.69;   700821072942057.12]        -0.28 [ -365236025228367.62;                  0.28]                                                                                                                    
nodefactor.state_code.WV      -0.05 [               -0.27;   985959658968391.50]                                                                                                                                                                                                                                                                                                                                                             
nodematch.state_code          -0.22 [ -392953786704359.31;                -0.17] *      -0.19 [  -84322125257960.80;     19888124431862.46]        -0.10 [ -117772568955916.83;                0.07]        -0.19 [ -134575476492952.92;                -0.02] *      -0.14 [ -233417380313733.94;       118201246345.24]        -0.40 [ -211102365045628.16;               -0.31] *      -0.22 [  -96808817834280.34;   27436416590759.27]  
nodecov.age                    0.01 [                0.01;     1980616390191.09] *       0.01 [                0.01;      4934202749399.17] *      -0.00 [    -990573970332.71;    1208315889879.27]         0.01 [                0.01;     4294081495323.55] *       0.01 [                0.01;      1461998658533.16] *       0.01 [                0.01;    5287028127656.39] *      -0.00 [    -292854550170.51;      85763862965.96]  
edgecov.mmc[[i]]               0.30 [                0.06;   510901558669334.00] *       0.36 [ -234707423600256.38;     91293249650475.22]         0.47 [                0.39;  293711982356903.69] *       0.31 [ -135007831776960.44;   174197596264121.62]         0.26 [ -127352092332500.59;     31791787285381.76]         0.48 [ -184942481782182.72;  214314790892887.97]        -0.22 [ -182092356315669.38;                0.00]  
nodecov.net_risk               0.16 [                0.14; 34488218747784568.00] *       0.00 [ -364269406316001.31; 189323382772788960.00]         0.00 [                0.00;    1955635748925.09] *       0.01 [ -579280093462586.50; 33812974984915480.00]         0.00 [                0.00; 200985912223337024.00] *       0.01 [-4375000256977342.50; 1349805897922221.50]         0.00 [               -0.00;    1179841473005.59]  
nodecov.net_risk_lag           0.11 [               -2.67; 24112239930556276.00]         0.00 [ -267483530585061.22;     70602774297088.23]         0.00 [                0.00;    1002172869122.37] *       0.00 [  -39917519107963.04;  1085135214333350.62]         0.00 [ -174919500608703.28;       525171816624.14]         0.00 [ -772666417899974.62; 1077494793474682.12]         0.00 [    -242744871340.63;     562534502769.46]  
nodematch.npm                  4.17 [                4.09;  2655572985900756.50] *       3.62 [                3.48;   1927027219333946.75] *       3.24 [                3.11; 2833060351069545.00] *       3.96 [                3.94;  2465958014824759.00] *       3.40 [                3.32;   2077176587699067.00] *       3.91 [                3.73; 1610721582886071.25] *       3.92 [                3.73; 2888533657869972.00] *
nodematch.ipo_status.0        -0.01 [ -139006281031433.67;   133059697717232.20]         0.23 [                0.07;    332925824044768.56] *      -0.54 [ -209076085415728.38;               -0.47] *       0.12 [   -3379020012277.85;   147355560769878.75]         0.02 [ -156574131005872.09;     33437974763912.12]         0.37 [  -34218645560804.56;  275213926427332.00]        -1.45 [ -374061164477979.50;               -1.36] *
nodematch.ipo_status.1         0.01 [  -97319041890213.14;    29464439277070.30]         0.03 [  -93791790606247.69;     23603829247403.14]        -0.37 [ -109585380521085.62;  112705888115324.03]        -0.20 [ -205659417658192.06;                 0.00]        -0.25 [ -119563434300937.80;                 -0.12] *       0.03 [ -164748149305130.47;   33568460872376.57]        -0.20 [  -65990005090725.84;   16498816174066.72]  
nodecov.constraint            -5.88 [-1194578191367869.00;                -5.21] *      -4.04 [-2928821153192437.00;      4704306880539.43]        -2.30 [ -193283952043119.69;  446886890974141.69]        -4.80 [-1365225397156915.50;                -4.18] *      -4.26 [ -563786494746008.62;                 -2.80] *      -5.21 [-3092453581641053.50;               -4.41] *      -5.74 [ -844450724379515.38;               -5.26] *
absdiff.constraint             4.55 [   -2640624427023.28;   423342343936979.94]         3.27 [ -802556528672381.12;   2558115636441097.00]         2.04 [ -724774198350402.62;                2.47]         3.84 [ -243172484264309.97;  1290132474192916.00]         3.64 [-3128621240040390.00;                  4.24]         4.38 [  -33257948355853.50; 2697208278747920.00]         5.30 [                4.82;  782639584623335.25] *
nodefactor.state_code.NL                                                                 0.98 [                0.88;   1264695921023194.25] *      -0.90 [ -637986582300748.75;     824133092277.79]         0.40 [ -251708147178184.78;  1409518076308729.25]         0.68 [ -360485062120794.44;                  0.84]         0.88 [ -931370127074824.25;  387015616351095.38]         1.07 [               -1.44; 1272196399571978.00]  
nodefactor.state_code.KY                                                                                                                           -1.06 [ -885480347684789.25;               -0.61] *      -0.01 [ -507296093511018.31;  1290742783148633.25]         0.29 [ -108343945357447.08;                  0.35]                                                                                                                    
nodefactor.state_code.LA                                                                                                                           -0.86 [-1880750229524002.25;                0.40]                                                                  -0.27 [ -378793515791878.50;    118376768972953.33]                                                                 -0.04 [  -31124983957695.23;  294023847461547.50]  
nodefactor.state_code.NM                                                                                                                           -1.20 [ -558985267813643.06;   81417471289948.03]                                                                  -0.28 [ -187150582331119.41;    131042213532947.59]                                                                  0.22 [               -1.83; 1072091793200624.00]  
nodefactor.state_code.AR                                                                                                                                                                                                                                                                                                                                                                   0.31 [  -56135803511352.54;  344878944191692.75]  
nodefactor.state_code.RI                                                                                                                                                                                                                                                                                                                                                                  -0.04 [  -31124983957707.87;  294023847461501.88]  
nodefactor.state_code.SC                                                                                                                                                                                                                                                                                                                                                                   0.85 [               -1.44; 1305984810419984.50]  
nodefactor.state_code.VT                                                                                                                                                                                                                                                                                                                                                                   0.88 [               -1.20; 1182799516853560.50]  
---------------------------------------------------------------------------------------------------------------------------------------------------------------------------------------------------------------------------------------------------------------------------------------------------------------------------------------------------------------------------------------------------------------------------------------------
Num. obs.                 390758                                                    465907                                                     602502                                                   246897                                                    572341                                                     179245                                                   904976                                                 
=============================================================================================================================================================================================================================================================================================================================================================================================================================================
* 0 outside the confidence interval
