
====================================================================================================================================================================================
                                Model 1                       Model 2                       Model 3                       Model 4                       Model 5                     
------------------------------------------------------------------------------------------------------------------------------------------------------------------------------------
(Intercept)                         0.893 [-0.835;  2.620]        4.287 [ 1.916;  6.658] *      3.870 [ 2.109;  5.630] *      1.030 [-0.730;  2.790]        3.641 [ 1.900;  5.383] *
degree_d_log                        0.117 [ 0.087;  0.148] *      0.015 [-0.022;  0.051]       -0.052 [-0.090; -0.014] *      0.135 [ 0.103;  0.168] *     -0.111 [-0.154; -0.067] *
region_d                            0.167 [-0.156;  0.491]        0.146 [-0.244;  0.535]        0.172 [-0.223;  0.567]        0.156 [-0.168;  0.479]        0.205 [-0.191;  0.600]  
category_d                          0.168 [-0.162;  0.498]        0.076 [-0.322;  0.474]        0.129 [-0.277;  0.535]        0.168 [-0.162;  0.499]        0.102 [-0.309;  0.513]  
ipo_d                              -0.222 [-0.390; -0.054] *     -0.250 [-0.453; -0.048] *     -0.003 [-0.209;  0.203]       -0.222 [-0.391; -0.054] *      0.007 [-0.201;  0.215]  
age_d_log                          -0.037 [-0.073; -0.000] *     -0.013 [-0.057;  0.030]       -0.108 [-0.156; -0.060] *     -0.036 [-0.072;  0.000]       -0.112 [-0.160; -0.064] *
community_d                        -0.147 [-0.661;  0.366]       -0.225 [-0.833;  0.384]       -0.093 [-0.714;  0.528]       -0.153 [-0.668;  0.361]       -0.081 [-0.701;  0.539]  
closeness_d_log                    -0.009 [-0.099;  0.082]       -0.060 [-0.168;  0.049]       -0.051 [-0.161;  0.060]       -0.011 [-0.102;  0.080]       -0.042 [-0.155;  0.070]  
dist_d                                                           -0.583 [-0.638; -0.528] *     -0.674 [-0.760; -0.589] *                                   -0.707 [-0.795; -0.620] *
acq_exp_d_log                                                                                  -0.075 [-0.281;  0.131]                                     -0.015 [-0.224;  0.194]  
acq_exp_d_log:dist_d                                                                            0.096 [ 0.058;  0.133] *                                                            
constraint_d                                                                                                                 -0.004 [-0.007; -0.001] *      0.011 [ 0.007;  0.015] *
dist_d:acq_exp_d_log                                                                                                                                        0.088 [ 0.050;  0.126] *
------------------------------------------------------------------------------------------------------------------------------------------------------------------------------------
AIC                              3615.221                      2806.167                      2574.969                      3609.181                      2539.134                   
BIC                              3680.034                      2876.871                      2657.458                      3679.886                      2627.515                   
Log Likelihood                  -1796.611                     -1391.083                     -1273.484                     -1792.591                     -1254.567                   
Num. obs.                        2676                          2676                          2676                          2676                          2676                       
Num. groups: firm_j:firm_i       2675                          2675                          2675                          2675                          2675                       
Num. groups: firm_i              1747                          1747                          1747                          1747                          1747                       
Num. groups: period                 3                             3                             3                             3                             3                       
Var: firm_j:firm_i (Intercept)      0.000                         0.000                         0.000                         0.000                         0.000                   
Var: firm_i (Intercept)             0.102                         0.232                         0.030                         0.101                         0.018                   
Var: period (Intercept)             1.855                         3.008                         1.236                         1.937                         0.950                   
====================================================================================================================================================================================
* 0 outside the confidence interval
