
===========================================================================================================================================================================================================================================================================
                          clarabridge                  medallia                                                qualtrics                                  satmetrix                    empathica                    confirmit                                              
---------------------------------------------------------------------------------------------------------------------------------------------------------------------------------------------------------------------------------------------------------------------------
edges                        -10.35 [-14.82; -9.70] *     -12.77 [-1684214484794205.00;             -11.89] *      -8.56 [              -15.36; -6.78] *     -10.38 [-12.24; -8.92] *     -10.01 [-13.04; -8.96] *      -9.43 [-2763652341188777.00;               -7.56] *
gwesp.fixed.0                  0.14 [ -0.43;  0.48]        -0.44 [ -335998944536246.69;              -0.39] *       0.67 [                0.12;  1.06] *       0.02 [ -0.37;  0.25]        -0.04 [ -0.42;  0.29]         0.07 [-1002869060900368.25;  893980862412494.00]  
cycle3                         0.65 [  0.61;  0.67] *       1.01 [                0.99; 481871813907411.56] *       0.92 [                0.73;  0.92] *       1.19 [  1.01;  1.28] *       1.26 [  0.79;  1.33] *       1.04 [-1932440995567546.25;  728669151196619.38]  
cycle4                         0.15 [  0.11;  0.17] *       0.11 [                0.10; 388178849244758.25] *       0.29 [                0.22;  0.41] *       0.15 [  0.13;  0.17] *       0.14 [  0.11;  0.16] *       0.15 [ -169983946659966.00;  295773732329916.12]  
cycle5                        -0.01 [ -0.01; -0.00] *      -0.04 [ -351273522899649.38;              -0.03] *      -0.05 [               -0.06; -0.04] *      -0.03 [ -0.03; -0.03] *      -0.03 [ -0.03; -0.02] *      -0.03 [-1134803009337758.00;               -0.02] *
cycle6                        -0.00 [ -0.00; -0.00] *       0.00 [  -99242056413162.08;               0.00]         0.00 [                0.00;  0.00] *       0.00 [  0.00;  0.00] *       0.00 [  0.00;  0.00] *       0.00 [ -701239537599209.50;   42108461396181.12]  
nodefactor.state_code.AZ       0.22 [  0.16;  0.35] *                                                              -0.45 [               -0.88;  1.66]                                                                                                                     
nodefactor.state_code.BC       0.85 [  0.84;  1.16] *      -0.36 [               -0.72; 227184369908513.34]        -0.34 [               -0.64;  1.46]         0.18 [  0.01;  0.22] *                                   -0.40 [ -178372127487690.19;  230380630366109.94]  
nodefactor.state_code.CA       0.80 [  0.79;  1.09] *       0.62 [                0.30;  87292568067935.75] *       0.50 [                0.06;  2.34] *       0.67 [  0.13;  0.84] *       0.70 [  0.40;  0.83] *       0.36 [-2117432507283018.00;  358165091912120.25]  
nodefactor.state_code.CO       1.04 [  1.04;  1.27] *       0.32 [                0.01; 246536666637193.03] *      -0.75 [               -1.91;  1.26]         0.67 [  0.26;  0.85] *       0.44 [  0.38;  0.69] *       0.08 [-1655174271350454.25;   32380855365507.35]  
nodefactor.state_code.CT       1.15 [  1.15;  1.60] *       0.39 [               -0.15;  63710633723869.55]         0.15 [               -0.29;  1.96]         0.93 [  0.64;  1.09] *       0.95 [  0.51;  1.26] *       0.50 [-1022014222298516.00;                0.94]  
nodefactor.state_code.DC       0.70 [  0.69;  1.23] *       1.05 [                0.65; 174391059391948.69] *       0.33 [-4391584192608809.00;  2.54]         0.79 [  0.16;  1.28] *       0.75 [  0.30;  1.47] *       0.75 [-1699389295005396.25;                1.33]  
nodefactor.state_code.DE      -0.70 [-12.41;  0.25]         1.45 [ -145442937867821.69;               1.89]        -0.04 [               -0.30;  1.35]                                                                  -0.16 [  -99701792188223.81;  233574701772967.47]  
nodefactor.state_code.FL       0.62 [  0.59;  0.85] *      -0.55 [               -0.84; 208107777452409.94]         0.20 [               -0.30;  2.03]         0.37 [  0.07;  0.42] *      -0.32 [ -0.42; -0.02] *      -0.13 [ -116304593189184.70;   17397014051766.18]  
nodefactor.state_code.GA      -0.48 [ -0.70; -0.26] *      -0.02 [               -0.51; 259263628775678.12]        -0.76 [               -1.42;  1.64]        -0.29 [ -0.84;  0.05]        -0.17 [ -0.59;  0.12]        -0.88 [-1031175390241397.00;               -0.40] *
nodefactor.state_code.IL       1.08 [  1.08;  1.16] *       0.58 [                0.27; 154279885907098.84] *       0.54 [               -0.42;  2.67]         0.76 [ -0.01;  1.09]         0.84 [  0.24;  1.05] *       0.31 [ -638079863068191.50;  246752391663943.94]  
nodefactor.state_code.IN       0.35 [  0.18;  1.02] *                                                               0.25 [               -0.18;  2.22]                                                                                                                     
nodefactor.state_code.KS       1.79 [  1.67;  2.25] *                                                              -0.32 [               -0.72;  0.98]                                                                                                                     
nodefactor.state_code.MA       0.94 [  0.84;  1.32] *       0.20 [  -51230057208040.20;               0.33]         0.25 [               -0.11;  2.08]         0.13 [ -0.30;  0.28]         0.12 [ -0.30;  0.32]        -0.28 [-2312070555463904.00;               -0.05] *
nodefactor.state_code.MD      -0.38 [ -0.45;  0.12]                                                                -0.35 [               -0.77;  1.79]                                                                                                                     
nodefactor.state_code.MI      -0.48 [ -0.48; -0.16] *      -0.43 [               -0.60; 128671584012598.31]        -0.03 [               -1.06;  2.65]        -0.45 [ -1.24; -0.05] *      -0.42 [ -0.81; -0.08] *      -0.73 [ -634899235807839.25;  275230357253614.56]  
nodefactor.state_code.MN       0.29 [  0.14;  0.57] *                                                                                                                                                                                                                      
nodefactor.state_code.MO      -0.29 [ -0.32; -0.01] *      -0.77 [               -0.99; 121804993659261.20]        -0.87 [               -1.18;  0.70]        -0.46 [ -1.05; -0.38] *      -0.17 [ -0.52; -0.08] *      -0.87 [ -352101004375230.50;   24605966081884.45]  
nodefactor.state_code.MT      -0.26 [ -0.31; -0.22] *       1.10 [ -229096020662814.56;               2.69]        -0.17 [               -3.92;  3.38]         1.06 [-10.44;  2.32]         0.95 [ -9.49;  2.86]         0.11 [-1108007636276282.25;  399430732483612.88]  
nodefactor.state_code.NA       0.81 [  0.73;  1.19] *       0.16 [               -0.18;  35448274079240.00]         0.08 [               -0.29;  1.90]         0.41 [ -0.04;  0.57]         0.38 [  0.22;  0.49] *      -0.06 [ -172085436908952.12;  132801321177927.23]  
nodefactor.state_code.NC       1.95 [  1.76;  2.23] *       0.71 [                0.36;  93599984832206.59] *      -0.14 [               -0.54;  1.62]         0.78 [  0.65;  0.78] *                                    0.00 [ -479022665678237.12;  291662224583478.44]  
nodefactor.state_code.NE      -0.85 [-12.53;  0.63]                                                                                                                                                                                                                        
nodefactor.state_code.NH       0.53 [  0.49;  1.06] *       0.49 [  -17885557880087.04;               0.75]         0.35 [               -0.07;  2.19]         1.04 [  0.91;  1.11] *       0.87 [  0.83;  0.99] *       0.41 [-2091615132146866.75;  379576389489327.44]  
nodefactor.state_code.NJ      -0.68 [ -0.99;  0.36]        -1.07 [ -245237329946384.75;              -1.05] *      -0.24 [               -0.88;  1.01]        -0.03 [-12.42;  0.09]                                     -0.91 [ -312599284314908.00;  293855211789504.94]  
nodefactor.state_code.NS       2.52 [  2.19;  3.45] *       1.31 [  -98058324576409.64;               1.43]                                                                                                                                                                
nodefactor.state_code.NV       0.11 [  0.07;  1.16] *       0.08 [               -0.22; 262178659030343.34]        -0.21 [               -0.71;  1.50]         0.66 [  0.50;  0.72] *      -0.05 [ -0.10;  0.27]        -0.20 [  -21017812373786.54;   19689468574334.48]  
nodefactor.state_code.NY       1.37 [  1.24;  1.86] *       1.13 [                0.61;  14462003458986.95] *       0.18 [               -0.08;  1.90]         1.44 [  0.91;  1.57] *       1.70 [  1.43;  1.79] *       0.71 [ -723821994180400.25;  101902191024038.00]  
nodefactor.state_code.OH       0.48 [  0.47;  0.77] *       0.75 [                0.46; 207430550143469.75] *       1.00 [                0.66;  2.74] *       1.21 [  0.24;  1.50] *       0.76 [ -0.06;  1.09]         0.59 [ -685781807065639.38;  662515595045726.25]  
nodefactor.state_code.OK      -0.38 [-11.91;  1.25]                                                                                                                                                                                                                        
nodefactor.state_code.ON       0.71 [  0.63;  1.07] *       0.19 [               -0.08; 112389522643802.97]         0.18 [               -0.07;  1.61]         0.58 [  0.08;  0.85] *       0.53 [  0.21;  0.85] *      -0.04 [ -396220196476524.75;    7152408468410.40]  
nodefactor.state_code.OR       0.72 [  0.66;  1.39] *       0.32 [               -0.08; 351600759856886.81]        -0.40 [               -0.71;  1.21]         0.53 [ -0.43;  0.92]         0.81 [ -0.34;  1.04]        -0.84 [ -803823138845871.25;  208851688240710.75]  
nodefactor.state_code.PA       0.12 [ -0.58;  0.73]         0.92 [               -9.89; 627427045258325.25]        -1.37 [    -337192178513.77;  1.56]         0.59 [-11.93;  0.94]         0.60 [-11.55;  0.71]        -0.60 [ -566785980801533.62;  102343639807018.53]  
nodefactor.state_code.QC       0.94 [  0.87;  1.26] *       0.36 [                0.10; 130252767533640.86] *       0.28 [               -0.09;  2.24]         0.69 [ -0.06;  0.96]         1.42 [  0.43;  1.63] *       0.07 [ -164988850218026.91;                0.31]  
nodefactor.state_code.TN       0.52 [  0.26;  0.79] *                                                              -1.85 [    -168452832159.58; -1.47] *                                                                                                                   
nodefactor.state_code.TX       0.40 [  0.34;  0.76] *      -0.03 [  -46295960782348.28;               0.06]        -0.18 [               -0.85;  1.93]         0.38 [  0.08;  0.46] *       0.29 [  0.28;  0.45] *      -0.10 [ -389529749645928.88;               -0.04] *
nodefactor.state_code.UT       0.92 [  0.90;  1.34] *       0.22 [               -0.06; 114845867030058.58]         0.12 [               -0.31;  1.98]         0.55 [  0.12;  0.62] *       0.72 [  0.63;  0.76] *       0.03 [ -384502011294345.69;  136755870599318.22]  
nodefactor.state_code.VA       0.87 [  0.87;  1.03] *       0.63 [  -50612421034365.42;               0.79]         0.79 [                0.40;  2.62] *       1.53 [  1.10;  1.63] *       0.79 [  0.41;  0.85] *       0.73 [ -359159930484289.06;   28915612514991.96]  
nodefactor.state_code.WA       1.13 [  1.12;  1.42] *       0.37 [                0.02; 161074740206932.69] *       0.38 [                0.04;  2.17] *       0.46 [ -0.00;  0.67]         0.50 [  0.27;  0.70] *      -0.16 [ -231215004578743.75;    7532390534434.85]  
nodefactor.state_code.WI       0.32 [  0.16;  4.00] *       0.25 [               -0.13; 198109120002088.88]        -0.31 [               -0.72;  1.56]         0.88 [  0.76;  0.89] *                                   -0.08 [  -89871125672790.78;   11605743500200.29]  
nodefactor.state_code.WV       0.24 [  0.16;  1.30] *                                                                                                                                                                                                                      
nodematch.state_code          -0.27 [ -0.29; -0.26] *      -0.23 [ -190984746042158.25;              -0.14] *      -0.21 [               -0.28; -0.17] *      -0.26 [ -0.29; -0.20] *      -0.43 [ -0.49; -0.34] *      -0.21 [ -199792435777103.84;  827194216057754.50]  
nodecov.age                    0.02 [  0.01;  0.02] *       0.01 [                0.01;   4675418301947.28] *       0.01 [                0.00;  0.02] *       0.01 [  0.01;  0.02] *       0.02 [  0.01;  0.02] *       0.01 [   -1695160631252.00;    3366837015732.59]  
edgecov.mmc[[i]]               0.67 [  0.52;  1.30] *       0.66 [-1210002841140664.00;               0.88]         1.16 [                0.93;  2.28] *       0.42 [ -0.09;  1.19]         0.25 [ -0.12;  0.65]         0.19 [-1781980592009375.25;  265185038482495.53]  
nodecov.net_risk               0.02 [  0.01;  0.79] *       0.14 [                0.11;  52989480069245.25] *       0.03 [-1696661073246258.50;  0.77]         0.08 [  0.02;  0.17] *       0.08 [  0.02;  0.25] *       0.05 [  -32490082110806.48;  123482268612035.72]  
nodecov.net_risk_lag           0.67 [  0.49;  1.54] *      -0.00 [ -183412307277595.19;               0.09]         0.64 [                0.40;  2.38] *      -0.01 [ -0.01;  0.28]        -0.00 [ -0.04;  0.35]        -0.00 [ -151766891764244.19;  259582405647216.12]  
nodematch.npm                  2.41 [  1.93;  3.58] *       3.33 [                3.29; 394069271741214.62] *       1.91 [                0.98;  3.52] *       2.12 [  1.64;  3.22] *       1.88 [  1.45;  3.53] *       2.22 [                1.20; 1422949501280372.00] *
nodematch.ipo_status.0        -0.09 [ -0.17;  0.06]         0.06 [               -0.02; 502303433414788.12]        -0.55 [               -0.66; -0.39] *      -0.03 [ -0.16;  0.10]         0.02 [ -0.17;  0.07]        -0.26 [               -0.58;  137478574790843.34]  
nodematch.ipo_status.1         0.07 [ -0.20;  0.53]         0.36 [                0.28;  66330479674437.20] *      -0.40 [               -0.44; -0.15] *      -0.17 [ -0.28;  0.05]         0.05 [ -0.02;  0.37]        -0.08 [ -254990471489632.66;  676557041913910.50]  
nodefactor.state_code.NL                                    0.61 [    -823891656874.79;               0.81]        -0.20 [               -0.47;  1.53]         0.53 [ -0.87;  1.27]         0.84 [ -0.53;  1.14]        -0.39 [               -2.02;  253903665786778.31]  
nodefactor.state_code.KY                                                                                           -0.32 [               -0.68;  1.50]         0.45 [  0.29;  0.59] *                                    0.17 [ -366632390823150.19;                0.57]  
nodefactor.state_code.LA                                                                                           -0.85 [               -1.39;  1.28]                                                                  -0.58 [-2452642292695001.00;               -0.05] *
nodefactor.state_code.NM                                                                                            0.10 [               -0.30;  2.29]                                                                   0.34 [ -433723812990749.00;                0.36]  
---------------------------------------------------------------------------------------------------------------------------------------------------------------------------------------------------------------------------------------------------------------------------
Num. obs.                 199976                       270627                                                  294162                                     152493                       114339                       325886                                                 
===========================================================================================================================================================================================================================================================================
* 0 outside the confidence interval
