
====================================================================================================================================================================================================
                          fitbit                      runtastic                   zipcar                       ridejoy                      visa                         mastercard                 
----------------------------------------------------------------------------------------------------------------------------------------------------------------------------------------------------
edges                       -10.89 [-39.55; -7.78] *     -9.19 [-10.19; -3.76] *      -8.88 [-10.56; -6.81] *      -9.71 [-11.57; -8.44] *      -9.37 [-11.33; -6.12] *      -9.46 [-11.30; -5.91] *
gwesp.fixed.0                 0.04 [ -0.09;  0.11]       -0.43 [ -0.56; -0.32] *      -0.18 [ -0.22; -0.09] *      -0.10 [ -0.21; -0.02] *      -0.03 [ -0.17;  0.04]        -0.10 [ -0.21; -0.05] *
cycle3                       -0.48 [ -0.90; -0.29] *      0.01 [ -0.21;  0.14]        -0.25 [ -0.44; -0.11] *       0.11 [ -0.01;  0.30]         0.44 [  0.22;  0.59] *       0.77 [  0.35;  1.04] *
cycle4                        0.18 [  0.15;  0.24] *      0.13 [  0.09;  0.16] *       0.21 [  0.18;  0.27] *       0.24 [  0.21;  0.37] *       0.13 [  0.11;  0.17] *       0.12 [  0.10;  0.17] *
cycle5                       -0.06 [ -0.08; -0.05] *     -0.03 [ -0.04; -0.03] *      -0.06 [ -0.07; -0.05] *      -0.05 [ -0.06; -0.04] *      -0.05 [ -0.06; -0.04] *      -0.06 [ -0.06; -0.05] *
cycle6                        0.01 [ -0.00;  0.01]        0.00 [  0.00;  0.01] *       0.00 [  0.00;  0.01] *       0.00 [  0.00;  0.00] *       0.01 [  0.00;  0.01] *       0.01 [  0.00;  0.01] *
nodematch.state_code          0.08 [ -0.06;  0.16]        0.19 [  0.13;  0.23] *       0.49 [  0.47;  0.52] *       0.44 [  0.40;  0.48] *       0.21 [  0.12;  0.30] *       0.12 [  0.04;  0.24] *
nodecov.age                   0.00 [ -0.00;  0.00]       -0.00 [ -0.01;  0.00]         0.00 [ -0.00;  0.00]         0.01 [  0.01;  0.02] *      -0.00 [ -0.01; -0.00] *      -0.00 [ -0.01; -0.00] *
edgecov.mmc[[i]]              1.58 [  1.46;  1.87] *      1.04 [  0.66;  1.40] *       1.31 [  1.13;  1.73] *       1.78 [  1.52;  2.19] *       0.07 [ -0.04;  0.32]        -0.01 [ -0.38;  0.60]  
nodecov.net_risk              0.47 [  0.39;  0.56] *      0.52 [  0.19;  0.59] *       0.48 [  0.36;  0.60] *       0.46 [  0.25;  0.55] *       0.31 [  0.19;  0.49] *       0.30 [  0.18;  0.50] *
nodecov.net_risk_lag          0.04 [ -0.03;  0.05]        0.01 [ -0.04;  0.02]        -0.04 [ -0.09;  0.03]         0.01 [ -0.02;  0.11]        -0.01 [ -0.08;  0.13]        -0.01 [ -0.09;  0.13]  
nodematch.npm                 4.72 [  4.48;  5.16] *      4.11 [  3.88;  4.47] *       3.53 [  3.31;  4.02] *       3.35 [  3.21;  3.63] *       3.68 [  3.57;  4.07] *       3.56 [  3.46;  3.99] *
nodematch.ipo_status.0       -0.58 [ -0.85; -0.15] *     -0.61 [ -0.99; -0.04] *      -0.60 [ -1.26; -0.29] *       0.68 [  0.38;  0.88] *      -0.81 [ -1.24; -0.61] *      -0.82 [ -1.26; -0.61] *
nodematch.ipo_status.1       -0.01 [ -0.55;  0.83]        0.37 [  0.18;  0.70] *      -0.79 [ -1.17; -0.43] *      -1.39 [ -1.90; -0.57] *      -2.36 [ -3.80; -1.50] *      -1.82 [ -2.89; -1.18] *
nodecov.constraint           -5.64 [ -6.08; -3.64] *     -5.09 [ -5.28; -4.33] *      -5.84 [ -7.65; -4.14] *      -5.02 [ -6.66; -3.59] *      -5.05 [ -6.49; -3.63] *      -5.06 [ -6.90; -3.49] *
absdiff.constraint            2.68 [  2.27;  2.78] *      1.78 [  1.29;  1.92] *       4.29 [  3.21;  5.39] *       3.05 [  2.08;  4.44] *       4.78 [  4.26;  5.31] *       4.90 [  4.35;  5.59] *
edgecov.sim[[i]]              0.73 [  0.61;  1.26] *      0.72 [  0.65;  0.99] *       2.00 [  1.52;  2.48] *       0.86 [  0.63;  1.06] *       0.59 [  0.33;  0.98] *       0.36 [ -0.05;  1.00]  
----------------------------------------------------------------------------------------------------------------------------------------------------------------------------------------------------
Num. obs.                 72951                       49581                       127412                       125678                       289756                       256479                     
====================================================================================================================================================================================================
* 0 outside the confidence interval
