===========================================================================================================================================================================================
                           f0                f1                f1d               f1nd              f2                f2d               f3                f4                f5              
-------------------------------------------------------------------------------------------------------------------------------------------------------------------------------------------
edges                         -0.373             -0.131            -0.211            -0.476           -0.461              0.140            -0.669            -1.125 *          -1.065 *    
                           [-1.628;  0.067]  [-2.101;  0.339]  [-1.904;  0.493]  [-1.505;  0.052]  [-2.014;  3.048]  [-1.675;  5.157]  [-2.249;  0.217]  [-2.142; -0.779]  [-3.104; -0.173]
gwesp.fixed.0                  0.611 *            0.630 *           0.636 *           0.636 *          0.598 *            0.671 *           0.054             0.535 *           0.061      
                           [ 0.429;  0.877]  [ 0.449;  0.838]  [ 0.391;  0.846]  [ 0.479;  0.819]  [ 0.301;  0.768]  [ 0.490;  0.852]  [-0.023;  0.267]  [ 0.284;  0.670]  [-0.015;  0.189]
nodematch.ipo_status.0        -0.866 *           -0.847 *          -0.865 *          -0.893 *         -0.830 *           -0.781            -0.599            -0.424            -0.101      
                           [-1.022; -0.615]  [-1.042; -0.638]  [-1.027; -0.649]  [-1.043; -0.620]  [-1.180; -0.025]  [-1.038;  0.013]  [-0.989;  0.004]  [-0.815;  0.058]  [-0.541;  0.350]
nodematch.ipo_status.1         0.573              0.492             0.508             0.588            0.554              0.631             0.215             0.267            -0.092      
                           [-1.011;  0.994]  [-0.823;  0.921]  [-0.691;  1.012]  [-0.635;  1.002]  [-1.603;  0.947]  [-0.797;  1.099]  [-1.294;  0.920]  [-1.149;  0.930]  [-1.676;  0.478]
nodematch.state_code          -0.331 *           -0.327 *          -0.322 *          -0.339 *         -0.329 *           -0.344 *          -0.326 *          -0.273 *          -0.292 *    
                           [-0.537; -0.309]  [-0.438; -0.308]  [-0.450; -0.302]  [-0.413; -0.324]  [-0.564; -0.288]  [-0.506; -0.314]  [-0.518; -0.274]  [-0.462; -0.182]  [-0.539; -0.205]
nodecov.age                    0.003              0.006             0.005             0.003            0.002              0.007             0.001            -0.015            -0.008      
                           [-0.015;  0.021]  [-0.008;  0.019]  [-0.006;  0.018]  [-0.008;  0.017]  [-0.020;  0.014]  [-0.014;  0.015]  [-0.016;  0.018]  [-0.024;  0.007]  [-0.020;  0.010]
absdiff.age                    0.014              0.012             0.012             0.014            0.014              0.007             0.011             0.002            -0.004      
                           [-0.004;  0.032]  [-0.004;  0.027]  [-0.002;  0.023]  [-0.001;  0.025]  [-0.020;  0.025]  [-0.022;  0.022]  [-0.007;  0.029]  [-0.022;  0.016]  [-0.019;  0.009]
edgecov.mmc[[i]]               0.939              1.094             1.053             0.985            0.838              1.106            -0.079             0.140            -0.189      
                           [-0.245;  2.389]  [-0.072;  2.438]  [-0.027;  2.400]  [-0.129;  2.660]  [-0.984;  2.359]  [-0.657;  2.472]  [-1.808;  1.895]  [-0.958;  1.773]  [-1.695;  1.381]
edgecov.memory[[i]]            5.687 *            5.831 *           5.817 *           5.688 *          5.620 *            6.172 *           5.583 *           5.503 *           5.718 *    
                           [ 5.253;  6.580]  [ 5.370;  6.580]  [ 5.370;  6.652]  [ 5.282;  6.356]  [ 5.204;  8.970]  [ 5.298; 10.548]  [ 5.123;  6.386]  [ 4.952;  6.535]  [ 5.218;  6.568]
nodecov.cent_pow_1_5                              0.239             0.217                                                                                                       0.312      
                                             [-0.474;  0.433]  [-0.580;  0.442]                                                                                            [-0.576;  0.554]
absdiff.cent_pow_1_5                                                0.105                                                                                                      -0.006      
                                                               [-0.411;  0.216]                                                                                            [-0.344;  0.194]
nodecov.cent_pow_n1_5                                                                -0.048                                                                                                
                                                                                 [-0.125;  0.019]                                                                                          
absdiff.cent_pow_n1_5                                                                 0.188 *                                                                                              
                                                                                 [ 0.127;  0.262]                                                                                          
nodecov.cent_deg_lag                                                                                   0.007             -0.112                                                            
                                                                                                   [-0.100;  0.079]  [-0.291;  0.023]                                                      
absdiff.cent_deg_lag                                                                                                      0.128 *                                                          
                                                                                                                     [ 0.046;  0.448]                                                      
cycle3                                                                                                                                      1.053                               0.833      
                                                                                                                                       [-0.147;  1.246]                    [-0.112;  1.026]
cycle4                                                                                                                                      0.146 *                             0.122 *    
                                                                                                                                       [ 0.114;  0.212]                    [ 0.092;  0.147]
cycle5                                                                                                                                     -0.023 *                            -0.021 *    
                                                                                                                                       [-0.034; -0.002]                    [-0.030; -0.003]
nodecov.genidx_multilevel                                                                                                                                     3.841 *           4.049 *    
                                                                                                                                                         [ 2.650;  5.808]  [ 2.433;  4.801]
absdiff.genidx_multilevel                                                                                                                                     0.576             0.143      
                                                                                                                                                         [-0.366;  1.572]  [-0.221;  1.153]
-------------------------------------------------------------------------------------------------------------------------------------------------------------------------------------------
Num. obs.                  36181             379435            380627            380878            93909             109837            125152            261530            380627          
===========================================================================================================================================================================================
* 0 outside the confidence interval