

##------ Fri Aug  3 23:12:10 2018 ------##


------------ estimating TERGM for: survata --------------
Using 24 cores
             t=2 t=3 t=4 t=5 t=6 t=7 t=8 t=9 t=10 t=11
nets (row)   525 525 525 525 525 525 525 525  525  525
nets (col)   525 525 525 525 525 525 525 525  525  525
mmc (row)    525 525 525 525 525 525 525 525  525  525
mmc (col)    525 525 525 525 525 525 525 525  525  525
cpa (row)    525 525 525 525 525 525 525 525  525  525
cpa (col)    525 525 525 525 525 525 525 525  525  525
memory (row) 525 525 525 525 525 525 525 525  525  525
memory (col) 525 525 525 525 525 525 525 525  525  525
             t=2 t=3 t=4 t=5 t=6 t=7 t=8 t=9 t=10 t=11
nets (row)   525 525 525 525 525 525 525 525  525  525
nets (col)   525 525 525 525 525 525 525 525  525  525
mmc (row)    525 525 525 525 525 525 525 525  525  525
mmc (col)    525 525 525 525 525 525 525 525  525  525
cpa (row)    525 525 525 525 525 525 525 525  525  525
cpa (col)    525 525 525 525 525 525 525 525  525  525
memory (row) 525 525 525 525 525 525 525 525  525  525
memory (col) 525 525 525 525 525 525 525 525  525  525


##------ Sun Aug  5 11:08:01 2018 ------##


------------ estimating TERGM for: survata --------------
Using 24 cores
             t=2 t=3 t=4 t=5 t=6 t=7 t=8 t=9 t=10 t=11
nets (row)   525 525 525 525 525 525 525 525  525  525
nets (col)   525 525 525 525 525 525 525 525  525  525
mmc (row)    525 525 525 525 525 525 525 525  525  525
mmc (col)    525 525 525 525 525 525 525 525  525  525
cpa (row)    525 525 525 525 525 525 525 525  525  525
cpa (col)    525 525 525 525 525 525 525 525  525  525
memory (row) 525 525 525 525 525 525 525 525  525  525
memory (col) 525 525 525 525 525 525 525 525  525  525
             t=2 t=3 t=4 t=5 t=6 t=7 t=8 t=9 t=10 t=11
nets (row)   525 525 525 525 525 525 525 525  525  525
nets (col)   525 525 525 525 525 525 525 525  525  525
mmc (row)    525 525 525 525 525 525 525 525  525  525
mmc (col)    525 525 525 525 525 525 525 525  525  525
cpa (row)    525 525 525 525 525 525 525 525  525  525
cpa (col)    525 525 525 525 525 525 525 525  525  525
memory (row) 525 525 525 525 525 525 525 525  525  525
memory (col) 525 525 525 525 525 525 525 525  525  525
finished successfully.