

##------ Sun May 27 04:40:02 2018 ------##


------------ estimating TERGM for: qualtrics --------------
Using 4 cores
             t=2 t=3 t=4 t=5 t=6 t=7 t=8 t=9 t=10 t=11
nets (row)   574 574 574 574 574 574 574 574  574  574
nets (col)   574 574 574 574 574 574 574 574  574  574
mmc (row)    574 574 574 574 574 574 574 574  574  574
mmc (col)    574 574 574 574 574 574 574 574  574  574
cpa (row)    574 574 574 574 574 574 574 574  574  574
cpa (col)    574 574 574 574 574 574 574 574  574  574
memory (row) 574 574 574 574 574 574 574 574  574  574
memory (col) 574 574 574 574 574 574 574 574  574  574
             t=2 t=3 t=4 t=5 t=6 t=7 t=8 t=9 t=10 t=11
nets (row)   574 574 574 574 574 574 574 574  574  574
nets (col)   574 574 574 574 574 574 574 574  574  574
mmc (row)    574 574 574 574 574 574 574 574  574  574
mmc (col)    574 574 574 574 574 574 574 574  574  574
cpa (row)    574 574 574 574 574 574 574 574  574  574
cpa (col)    574 574 574 574 574 574 574 574  574  574
memory (row) 574 574 574 574 574 574 574 574  574  574
memory (col) 574 574 574 574 574 574 574 574  574  574
finished successfully.

##------ Sat Jul  7 09:48:42 2018 ------##


------------ estimating TERGM for: qualtrics --------------
Using 24 cores
             t=2 t=3 t=4 t=5 t=6 t=7 t=8 t=9 t=10 t=11
nets (row)   574 574 574 574 574 574 574 574  574  574
nets (col)   574 574 574 574 574 574 574 574  574  574
mmc (row)    574 574 574 574 574 574 574 574  574  574
mmc (col)    574 574 574 574 574 574 574 574  574  574
cpa (row)    574 574 574 574 574 574 574 574  574  574
cpa (col)    574 574 574 574 574 574 574 574  574  574
memory (row) 574 574 574 574 574 574 574 574  574  574
memory (col) 574 574 574 574 574 574 574 574  574  574
             t=2 t=3 t=4 t=5 t=6 t=7 t=8 t=9 t=10 t=11
nets (row)   574 574 574 574 574 574 574 574  574  574
nets (col)   574 574 574 574 574 574 574 574  574  574
mmc (row)    574 574 574 574 574 574 574 574  574  574
mmc (col)    574 574 574 574 574 574 574 574  574  574
cpa (row)    574 574 574 574 574 574 574 574  574  574
cpa (col)    574 574 574 574 574 574 574 574  574  574
memory (row) 574 574 574 574 574 574 574 574  574  574
memory (col) 574 574 574 574 574 574 574 574  574  574


##------ Sun Jul  8 12:49:42 2018 ------##


------------ estimating TERGM for: qualtrics --------------
Using 4 cores
             t=2 t=3 t=4 t=5 t=6 t=7 t=8 t=9 t=10 t=11
nets (row)   574 574 574 574 574 574 574 574  574  574
nets (col)   574 574 574 574 574 574 574 574  574  574
mmc (row)    574 574 574 574 574 574 574 574  574  574
mmc (col)    574 574 574 574 574 574 574 574  574  574
cpa (row)    574 574 574 574 574 574 574 574  574  574
cpa (col)    574 574 574 574 574 574 574 574  574  574
memory (row) 574 574 574 574 574 574 574 574  574  574
memory (col) 574 574 574 574 574 574 574 574  574  574
             t=2 t=3 t=4 t=5 t=6 t=7 t=8 t=9 t=10 t=11
nets (row)   574 574 574 574 574 574 574 574  574  574
nets (col)   574 574 574 574 574 574 574 574  574  574
mmc (row)    574 574 574 574 574 574 574 574  574  574
mmc (col)    574 574 574 574 574 574 574 574  574  574
cpa (row)    574 574 574 574 574 574 574 574  574  574
cpa (col)    574 574 574 574 574 574 574 574  574  574
memory (row) 574 574 574 574 574 574 574 574  574  574
memory (col) 574 574 574 574 574 574 574 574  574  574
finished successfully.