

##------ Mon May 28 05:45:15 2018 ------##


------------ estimating TERGM for: first-mile-geo --------------
Using 4 cores
             t=2 t=3 t=4 t=5 t=6 t=7 t=8 t=9 t=10 t=11
nets (row)   946 946 946 946 946 946 946 946  946  946
nets (col)   946 946 946 946 946 946 946 946  946  946
mmc (row)    946 946 946 946 946 946 946 946  946  946
mmc (col)    946 946 946 946 946 946 946 946  946  946
cpa (row)    946 946 946 946 946 946 946 946  946  946
cpa (col)    946 946 946 946 946 946 946 946  946  946
memory (row) 946 946 946 946 946 946 946 946  946  946
memory (col) 946 946 946 946 946 946 946 946  946  946
             t=2 t=3 t=4 t=5 t=6 t=7 t=8 t=9 t=10 t=11
nets (row)   946 946 946 946 946 946 946 946  946  946
nets (col)   946 946 946 946 946 946 946 946  946  946
mmc (row)    946 946 946 946 946 946 946 946  946  946
mmc (col)    946 946 946 946 946 946 946 946  946  946
cpa (row)    946 946 946 946 946 946 946 946  946  946
cpa (col)    946 946 946 946 946 946 946 946  946  946
memory (row) 946 946 946 946 946 946 946 946  946  946
memory (col) 946 946 946 946 946 946 946 946  946  946


##------ Fri Jun 22 14:45:21 2018 ------##


------------ estimating TERGM for: first-mile-geo --------------
Using 4 cores
             t=2 t=3 t=4 t=5 t=6 t=7 t=8 t=9 t=10 t=11
nets (row)   946 946 946 946 946 946 946 946  946  946
nets (col)   946 946 946 946 946 946 946 946  946  946
mmc (row)    946 946 946 946 946 946 946 946  946  946
mmc (col)    946 946 946 946 946 946 946 946  946  946
cpa (row)    946 946 946 946 946 946 946 946  946  946
cpa (col)    946 946 946 946 946 946 946 946  946  946
memory (row) 946 946 946 946 946 946 946 946  946  946
memory (col) 946 946 946 946 946 946 946 946  946  946
             t=2 t=3 t=4 t=5 t=6 t=7 t=8 t=9 t=10 t=11
nets (row)   946 946 946 946 946 946 946 946  946  946
nets (col)   946 946 946 946 946 946 946 946  946  946
mmc (row)    946 946 946 946 946 946 946 946  946  946
mmc (col)    946 946 946 946 946 946 946 946  946  946
cpa (row)    946 946 946 946 946 946 946 946  946  946
cpa (col)    946 946 946 946 946 946 946 946  946  946
memory (row) 946 946 946 946 946 946 946 946  946  946
memory (col) 946 946 946 946 946 946 946 946  946  946
finished successfully.