

##------ Thu Feb 28 14:43:14 2019 ------##


------------ estimating TERGM for: cx-index --------------
Using 4 cores
 t=1 t=2 t=3 t=4 t=5 t=6 t=7 t=8 t=9 t=10 t=11
   1   2   3   4   5   6   7   8   9   10   11
               t=2 t=3 t=4 t=5 t=6 t=7 t=8 t=9 t=10 t=11
nets (row)     186 186 186 186 186 186 186 186  186  186
nets (col)     186 186 186 186 186 186 186 186  186  186
cossim (row)   186 186 186 186 186 186 186 186  186  186
cossim (col)   186 186 186 186 186 186 186 186  186  186
centjoin (row) 186 186 186 186 186 186 186 186  186  186
centjoin (col) 186 186 186 186 186 186 186 186  186  186
shinv (row)    186 186 186 186 186 186 186 186  186  186
shinv (col)    186 186 186 186 186 186 186 186  186  186
mmc (row)      186 186 186 186 186 186 186 186  186  186
mmc (col)      186 186 186 186 186 186 186 186  186  186
memory (row)   186 186 186 186 186 186 186 186  186  186
memory (col)   186 186 186 186 186 186 186 186  186  186
timecov1 (row) 186 186 186 186 186 186 186 186  186  186
timecov1 (col) 186 186 186 186 186 186 186 186  186  186
               t=2 t=3 t=4 t=5 t=6 t=7 t=8 t=9 t=10 t=11
nets (row)     186 186 186 186 186 186 186 186  186  186
nets (col)     186 186 186 186 186 186 186 186  186  186
cossim (row)   186 186 186 186 186 186 186 186  186  186
cossim (col)   186 186 186 186 186 186 186 186  186  186
centjoin (row) 186 186 186 186 186 186 186 186  186  186
centjoin (col) 186 186 186 186 186 186 186 186  186  186
shinv (row)    186 186 186 186 186 186 186 186  186  186
shinv (col)    186 186 186 186 186 186 186 186  186  186
mmc (row)      186 186 186 186 186 186 186 186  186  186
mmc (col)      186 186 186 186 186 186 186 186  186  186
memory (row)   186 186 186 186 186 186 186 186  186  186
memory (col)   186 186 186 186 186 186 186 186  186  186
timecov1 (row) 186 186 186 186 186 186 186 186  186  186
timecov1 (col) 186 186 186 186 186 186 186 186  186  186
finished successfully.

##------ Sat Feb 23 00:27:22 2019 ------##


------------ estimating TERGM for: cx-index --------------
Using 4 cores
 t=1 t=2 t=3 t=4 t=5 t=6 t=7 t=8 t=9 t=10 t=11
   1   2   3   4   5   6   7   8   9   10   11
               t=2 t=3 t=4 t=5 t=6 t=7 t=8 t=9 t=10 t=11
nets (row)     186 186 186 186 186 186 186 186  186  186
nets (col)     186 186 186 186 186 186 186 186  186  186
cossim (row)   186 186 186 186 186 186 186 186  186  186
cossim (col)   186 186 186 186 186 186 186 186  186  186
centjoin (row) 186 186 186 186 186 186 186 186  186  186
centjoin (col) 186 186 186 186 186 186 186 186  186  186
shinv (row)    186 186 186 186 186 186 186 186  186  186
shinv (col)    186 186 186 186 186 186 186 186  186  186
mmc (row)      186 186 186 186 186 186 186 186  186  186
mmc (col)      186 186 186 186 186 186 186 186  186  186
memory (row)   186 186 186 186 186 186 186 186  186  186
memory (col)   186 186 186 186 186 186 186 186  186  186
timecov1 (row) 186 186 186 186 186 186 186 186  186  186
timecov1 (col) 186 186 186 186 186 186 186 186  186  186
               t=2 t=3 t=4 t=5 t=6 t=7 t=8 t=9 t=10 t=11
nets (row)     186 186 186 186 186 186 186 186  186  186
nets (col)     186 186 186 186 186 186 186 186  186  186
cossim (row)   186 186 186 186 186 186 186 186  186  186
cossim (col)   186 186 186 186 186 186 186 186  186  186
centjoin (row) 186 186 186 186 186 186 186 186  186  186
centjoin (col) 186 186 186 186 186 186 186 186  186  186
shinv (row)    186 186 186 186 186 186 186 186  186  186
shinv (col)    186 186 186 186 186 186 186 186  186  186
mmc (row)      186 186 186 186 186 186 186 186  186  186
mmc (col)      186 186 186 186 186 186 186 186  186  186
memory (row)   186 186 186 186 186 186 186 186  186  186
memory (col)   186 186 186 186 186 186 186 186  186  186
timecov1 (row) 186 186 186 186 186 186 186 186  186  186
timecov1 (col) 186 186 186 186 186 186 186 186  186  186
finished successfully.