

##------ Thu Mar 14 13:45:26 2019 ------##


------------ estimating TERGM for: qualtrics --------------
Using 4 cores
 t=1 t=2 t=3 t=4 t=5 t=6 t=7 t=8 t=9 t=10 t=11
   1   2   3   4   5   6   7   8   9   10   11
                t=2 t=3 t=4 t=5 t=6 t=7 t=8 t=9 t=10 t=11
nets (row)      532 532 532 532 532 532 532 532  532  532
nets (col)      532 532 532 532 532 532 532 532  532  532
cossim (row)    532 532 532 532 532 532 532 532  532  532
cossim (col)    532 532 532 532 532 532 532 532  532  532
centjoin (row)  532 532 532 532 532 532 532 532  532  532
centjoin (col)  532 532 532 532 532 532 532 532  532  532
centratio (row) 532 532 532 532 532 532 532 532  532  532
centratio (col) 532 532 532 532 532 532 532 532  532  532
shcomp (row)    532 532 532 532 532 532 532 532  532  532
shcomp (col)    532 532 532 532 532 532 532 532  532  532
shinv (row)     532 532 532 532 532 532 532 532  532  532
shinv (col)     532 532 532 532 532 532 532 532  532  532
mmc (row)       532 532 532 532 532 532 532 532  532  532
mmc (col)       532 532 532 532 532 532 532 532  532  532
memory (row)    532 532 532 532 532 532 532 532  532  532
memory (col)    532 532 532 532 532 532 532 532  532  532
timecov1 (row)  532 532 532 532 532 532 532 532  532  532
timecov1 (col)  532 532 532 532 532 532 532 532  532  532
                t=2 t=3 t=4 t=5 t=6 t=7 t=8 t=9 t=10 t=11
nets (row)      532 532 532 532 532 532 532 532  532  532
nets (col)      532 532 532 532 532 532 532 532  532  532
cossim (row)    532 532 532 532 532 532 532 532  532  532
cossim (col)    532 532 532 532 532 532 532 532  532  532
centjoin (row)  532 532 532 532 532 532 532 532  532  532
centjoin (col)  532 532 532 532 532 532 532 532  532  532
centratio (row) 532 532 532 532 532 532 532 532  532  532
centratio (col) 532 532 532 532 532 532 532 532  532  532
shcomp (row)    532 532 532 532 532 532 532 532  532  532
shcomp (col)    532 532 532 532 532 532 532 532  532  532
shinv (row)     532 532 532 532 532 532 532 532  532  532
shinv (col)     532 532 532 532 532 532 532 532  532  532
mmc (row)       532 532 532 532 532 532 532 532  532  532
mmc (col)       532 532 532 532 532 532 532 532  532  532
memory (row)    532 532 532 532 532 532 532 532  532  532
memory (col)    532 532 532 532 532 532 532 532  532  532
timecov1 (row)  532 532 532 532 532 532 532 532  532  532
timecov1 (col)  532 532 532 532 532 532 532 532  532  532


##------ Fri Feb 22 17:06:13 2019 ------##


------------ estimating TERGM for: qualtrics --------------
Using 4 cores
 t=1 t=2 t=3 t=4 t=5 t=6 t=7 t=8 t=9 t=10 t=11
   1   2   3   4   5   6   7   8   9   10   11
               t=2 t=3 t=4 t=5 t=6 t=7 t=8 t=9 t=10 t=11
nets (row)     532 532 532 532 532 532 532 532  532  532
nets (col)     532 532 532 532 532 532 532 532  532  532
cossim (row)   532 532 532 532 532 532 532 532  532  532
cossim (col)   532 532 532 532 532 532 532 532  532  532
centjoin (row) 532 532 532 532 532 532 532 532  532  532
centjoin (col) 532 532 532 532 532 532 532 532  532  532
shcomp (row)   532 532 532 532 532 532 532 532  532  532
shcomp (col)   532 532 532 532 532 532 532 532  532  532
shinv (row)    532 532 532 532 532 532 532 532  532  532
shinv (col)    532 532 532 532 532 532 532 532  532  532
mmc (row)      532 532 532 532 532 532 532 532  532  532
mmc (col)      532 532 532 532 532 532 532 532  532  532
memory (row)   532 532 532 532 532 532 532 532  532  532
memory (col)   532 532 532 532 532 532 532 532  532  532
timecov1 (row) 532 532 532 532 532 532 532 532  532  532
timecov1 (col) 532 532 532 532 532 532 532 532  532  532
               t=2 t=3 t=4 t=5 t=6 t=7 t=8 t=9 t=10 t=11
nets (row)     532 532 532 532 532 532 532 532  532  532
nets (col)     532 532 532 532 532 532 532 532  532  532
cossim (row)   532 532 532 532 532 532 532 532  532  532
cossim (col)   532 532 532 532 532 532 532 532  532  532
centjoin (row) 532 532 532 532 532 532 532 532  532  532
centjoin (col) 532 532 532 532 532 532 532 532  532  532
shcomp (row)   532 532 532 532 532 532 532 532  532  532
shcomp (col)   532 532 532 532 532 532 532 532  532  532
shinv (row)    532 532 532 532 532 532 532 532  532  532
shinv (col)    532 532 532 532 532 532 532 532  532  532
mmc (row)      532 532 532 532 532 532 532 532  532  532
mmc (col)      532 532 532 532 532 532 532 532  532  532
memory (row)   532 532 532 532 532 532 532 532  532  532
memory (col)   532 532 532 532 532 532 532 532  532  532
timecov1 (row) 532 532 532 532 532 532 532 532  532  532
timecov1 (col) 532 532 532 532 532 532 532 532  532  532


##------ Thu Mar 14 05:42:14 2019 ------##


------------ estimating TERGM for: qualtrics --------------
Using 4 cores
 t=1 t=2 t=3 t=4 t=5 t=6 t=7 t=8 t=9 t=10 t=11
   1   2   3   4   5   6   7   8   9   10   11
               t=2 t=3 t=4 t=5 t=6 t=7 t=8 t=9 t=10 t=11
nets (row)     532 532 532 532 532 532 532 532  532  532
nets (col)     532 532 532 532 532 532 532 532  532  532
mmc (row)      532 532 532 532 532 532 532 532  532  532
mmc (col)      532 532 532 532 532 532 532 532  532  532
memory (row)   532 532 532 532 532 532 532 532  532  532
memory (col)   532 532 532 532 532 532 532 532  532  532
timecov1 (row) 532 532 532 532 532 532 532 532  532  532
timecov1 (col) 532 532 532 532 532 532 532 532  532  532
               t=2 t=3 t=4 t=5 t=6 t=7 t=8 t=9 t=10 t=11
nets (row)     532 532 532 532 532 532 532 532  532  532
nets (col)     532 532 532 532 532 532 532 532  532  532
mmc (row)      532 532 532 532 532 532 532 532  532  532
mmc (col)      532 532 532 532 532 532 532 532  532  532
memory (row)   532 532 532 532 532 532 532 532  532  532
memory (col)   532 532 532 532 532 532 532 532  532  532
timecov1 (row) 532 532 532 532 532 532 532 532  532  532
timecov1 (col) 532 532 532 532 532 532 532 532  532  532


##------ Thu Mar 14 05:50:54 2019 ------##


------------ estimating TERGM for: qualtrics --------------
Using 4 cores
 t=1 t=2 t=3 t=4 t=5 t=6 t=7 t=8 t=9 t=10 t=11
   1   2   3   4   5   6   7   8   9   10   11
               t=2 t=3 t=4 t=5 t=6 t=7 t=8 t=9 t=10 t=11
nets (row)     532 532 532 532 532 532 532 532  532  532
nets (col)     532 532 532 532 532 532 532 532  532  532
mmc (row)      532 532 532 532 532 532 532 532  532  532
mmc (col)      532 532 532 532 532 532 532 532  532  532
memory (row)   532 532 532 532 532 532 532 532  532  532
memory (col)   532 532 532 532 532 532 532 532  532  532
timecov1 (row) 532 532 532 532 532 532 532 532  532  532
timecov1 (col) 532 532 532 532 532 532 532 532  532  532
               t=2 t=3 t=4 t=5 t=6 t=7 t=8 t=9 t=10 t=11
nets (row)     532 532 532 532 532 532 532 532  532  532
nets (col)     532 532 532 532 532 532 532 532  532  532
mmc (row)      532 532 532 532 532 532 532 532  532  532
mmc (col)      532 532 532 532 532 532 532 532  532  532
memory (row)   532 532 532 532 532 532 532 532  532  532
memory (col)   532 532 532 532 532 532 532 532  532  532
timecov1 (row) 532 532 532 532 532 532 532 532  532  532
timecov1 (col) 532 532 532 532 532 532 532 532  532  532


##------ Fri Feb 22 15:13:45 2019 ------##


------------ estimating TERGM for: qualtrics --------------
Using 4 cores
 t=1 t=2 t=3 t=4 t=5 t=6 t=7 t=8 t=9 t=10 t=11
   1   2   3   4   5   6   7   8   9   10   11
               t=2 t=3 t=4 t=5 t=6 t=7 t=8 t=9 t=10 t=11
nets (row)     532 532 532 532 532 532 532 532  532  532
nets (col)     532 532 532 532 532 532 532 532  532  532
cossim (row)   532 532 532 532 532 532 532 532  532  532
cossim (col)   532 532 532 532 532 532 532 532  532  532
mmc (row)      532 532 532 532 532 532 532 532  532  532
mmc (col)      532 532 532 532 532 532 532 532  532  532
memory (row)   532 532 532 532 532 532 532 532  532  532
memory (col)   532 532 532 532 532 532 532 532  532  532
timecov1 (row) 532 532 532 532 532 532 532 532  532  532
timecov1 (col) 532 532 532 532 532 532 532 532  532  532
               t=2 t=3 t=4 t=5 t=6 t=7 t=8 t=9 t=10 t=11
nets (row)     532 532 532 532 532 532 532 532  532  532
nets (col)     532 532 532 532 532 532 532 532  532  532
cossim (row)   532 532 532 532 532 532 532 532  532  532
cossim (col)   532 532 532 532 532 532 532 532  532  532
mmc (row)      532 532 532 532 532 532 532 532  532  532
mmc (col)      532 532 532 532 532 532 532 532  532  532
memory (row)   532 532 532 532 532 532 532 532  532  532
memory (col)   532 532 532 532 532 532 532 532  532  532
timecov1 (row) 532 532 532 532 532 532 532 532  532  532
timecov1 (col) 532 532 532 532 532 532 532 532  532  532


##------ Thu Mar 14 05:48:28 2019 ------##


------------ estimating TERGM for: qualtrics --------------
Using 4 cores
 t=1 t=2 t=3 t=4 t=5 t=6 t=7 t=8 t=9 t=10 t=11
   1   2   3   4   5   6   7   8   9   10   11
               t=2 t=3 t=4 t=5 t=6 t=7 t=8 t=9 t=10 t=11
nets (row)     532 532 532 532 532 532 532 532  532  532
nets (col)     532 532 532 532 532 532 532 532  532  532
cossim (row)   532 532 532 532 532 532 532 532  532  532
cossim (col)   532 532 532 532 532 532 532 532  532  532
centjoin (row) 532 532 532 532 532 532 532 532  532  532
centjoin (col) 532 532 532 532 532 532 532 532  532  532
mmc (row)      532 532 532 532 532 532 532 532  532  532
mmc (col)      532 532 532 532 532 532 532 532  532  532
memory (row)   532 532 532 532 532 532 532 532  532  532
memory (col)   532 532 532 532 532 532 532 532  532  532
timecov1 (row) 532 532 532 532 532 532 532 532  532  532
timecov1 (col) 532 532 532 532 532 532 532 532  532  532
               t=2 t=3 t=4 t=5 t=6 t=7 t=8 t=9 t=10 t=11
nets (row)     532 532 532 532 532 532 532 532  532  532
nets (col)     532 532 532 532 532 532 532 532  532  532
cossim (row)   532 532 532 532 532 532 532 532  532  532
cossim (col)   532 532 532 532 532 532 532 532  532  532
centjoin (row) 532 532 532 532 532 532 532 532  532  532
centjoin (col) 532 532 532 532 532 532 532 532  532  532
mmc (row)      532 532 532 532 532 532 532 532  532  532
mmc (col)      532 532 532 532 532 532 532 532  532  532
memory (row)   532 532 532 532 532 532 532 532  532  532
memory (col)   532 532 532 532 532 532 532 532  532  532
timecov1 (row) 532 532 532 532 532 532 532 532  532  532
timecov1 (col) 532 532 532 532 532 532 532 532  532  532


##------ Thu Mar 14 14:06:01 2019 ------##


------------ estimating TERGM for: qualtrics --------------
Using 4 cores
 t=1 t=2 t=3 t=4 t=5 t=6 t=7 t=8 t=9 t=10 t=11
   1   2   3   4   5   6   7   8   9   10   11
               t=2 t=3 t=4 t=5 t=6 t=7 t=8 t=9 t=10 t=11
nets (row)     532 532 532 532 532 532 532 532  532  532
nets (col)     532 532 532 532 532 532 532 532  532  532
cossim (row)   532 532 532 532 532 532 532 532  532  532
cossim (col)   532 532 532 532 532 532 532 532  532  532
shcomp (row)   532 532 532 532 532 532 532 532  532  532
shcomp (col)   532 532 532 532 532 532 532 532  532  532
shinv (row)    532 532 532 532 532 532 532 532  532  532
shinv (col)    532 532 532 532 532 532 532 532  532  532
mmc (row)      532 532 532 532 532 532 532 532  532  532
mmc (col)      532 532 532 532 532 532 532 532  532  532
memory (row)   532 532 532 532 532 532 532 532  532  532
memory (col)   532 532 532 532 532 532 532 532  532  532
timecov1 (row) 532 532 532 532 532 532 532 532  532  532
timecov1 (col) 532 532 532 532 532 532 532 532  532  532
               t=2 t=3 t=4 t=5 t=6 t=7 t=8 t=9 t=10 t=11
nets (row)     532 532 532 532 532 532 532 532  532  532
nets (col)     532 532 532 532 532 532 532 532  532  532
cossim (row)   532 532 532 532 532 532 532 532  532  532
cossim (col)   532 532 532 532 532 532 532 532  532  532
shcomp (row)   532 532 532 532 532 532 532 532  532  532
shcomp (col)   532 532 532 532 532 532 532 532  532  532
shinv (row)    532 532 532 532 532 532 532 532  532  532
shinv (col)    532 532 532 532 532 532 532 532  532  532
mmc (row)      532 532 532 532 532 532 532 532  532  532
mmc (col)      532 532 532 532 532 532 532 532  532  532
memory (row)   532 532 532 532 532 532 532 532  532  532
memory (col)   532 532 532 532 532 532 532 532  532  532
timecov1 (row) 532 532 532 532 532 532 532 532  532  532
timecov1 (col) 532 532 532 532 532 532 532 532  532  532


##------ Fri Feb 22 17:37:57 2019 ------##


------------ estimating TERGM for: qualtrics --------------
Using 4 cores
 t=1 t=2 t=3 t=4 t=5 t=6 t=7 t=8 t=9 t=10 t=11
   1   2   3   4   5   6   7   8   9   10   11
               t=2 t=3 t=4 t=5 t=6 t=7 t=8 t=9 t=10 t=11
nets (row)     532 532 532 532 532 532 532 532  532  532
nets (col)     532 532 532 532 532 532 532 532  532  532
cossim (row)   532 532 532 532 532 532 532 532  532  532
cossim (col)   532 532 532 532 532 532 532 532  532  532
shcomp (row)   532 532 532 532 532 532 532 532  532  532
shcomp (col)   532 532 532 532 532 532 532 532  532  532
mmc (row)      532 532 532 532 532 532 532 532  532  532
mmc (col)      532 532 532 532 532 532 532 532  532  532
memory (row)   532 532 532 532 532 532 532 532  532  532
memory (col)   532 532 532 532 532 532 532 532  532  532
timecov1 (row) 532 532 532 532 532 532 532 532  532  532
timecov1 (col) 532 532 532 532 532 532 532 532  532  532
               t=2 t=3 t=4 t=5 t=6 t=7 t=8 t=9 t=10 t=11
nets (row)     532 532 532 532 532 532 532 532  532  532
nets (col)     532 532 532 532 532 532 532 532  532  532
cossim (row)   532 532 532 532 532 532 532 532  532  532
cossim (col)   532 532 532 532 532 532 532 532  532  532
shcomp (row)   532 532 532 532 532 532 532 532  532  532
shcomp (col)   532 532 532 532 532 532 532 532  532  532
mmc (row)      532 532 532 532 532 532 532 532  532  532
mmc (col)      532 532 532 532 532 532 532 532  532  532
memory (row)   532 532 532 532 532 532 532 532  532  532
memory (col)   532 532 532 532 532 532 532 532  532  532
timecov1 (row) 532 532 532 532 532 532 532 532  532  532
timecov1 (col) 532 532 532 532 532 532 532 532  532  532


##------ Thu Mar 14 17:09:06 2019 ------##


------------ estimating TERGM for: qualtrics --------------
Using 4 cores
 t=1 t=2 t=3 t=4 t=5 t=6 t=7 t=8 t=9 t=10 t=11
   1   2   3   4   5   6   7   8   9   10   11
               t=2 t=3 t=4 t=5 t=6 t=7 t=8 t=9 t=10 t=11
nets (row)     532 532 532 532 532 532 532 532  532  532
nets (col)     532 532 532 532 532 532 532 532  532  532
cossim (row)   532 532 532 532 532 532 532 532  532  532
cossim (col)   532 532 532 532 532 532 532 532  532  532
centjoin (row) 532 532 532 532 532 532 532 532  532  532
centjoin (col) 532 532 532 532 532 532 532 532  532  532
shinv (row)    532 532 532 532 532 532 532 532  532  532
shinv (col)    532 532 532 532 532 532 532 532  532  532
mmc (row)      532 532 532 532 532 532 532 532  532  532
mmc (col)      532 532 532 532 532 532 532 532  532  532
memory (row)   532 532 532 532 532 532 532 532  532  532
memory (col)   532 532 532 532 532 532 532 532  532  532
timecov1 (row) 532 532 532 532 532 532 532 532  532  532
timecov1 (col) 532 532 532 532 532 532 532 532  532  532
               t=2 t=3 t=4 t=5 t=6 t=7 t=8 t=9 t=10 t=11
nets (row)     532 532 532 532 532 532 532 532  532  532
nets (col)     532 532 532 532 532 532 532 532  532  532
cossim (row)   532 532 532 532 532 532 532 532  532  532
cossim (col)   532 532 532 532 532 532 532 532  532  532
centjoin (row) 532 532 532 532 532 532 532 532  532  532
centjoin (col) 532 532 532 532 532 532 532 532  532  532
shinv (row)    532 532 532 532 532 532 532 532  532  532
shinv (col)    532 532 532 532 532 532 532 532  532  532
mmc (row)      532 532 532 532 532 532 532 532  532  532
mmc (col)      532 532 532 532 532 532 532 532  532  532
memory (row)   532 532 532 532 532 532 532 532  532  532
memory (col)   532 532 532 532 532 532 532 532  532  532
timecov1 (row) 532 532 532 532 532 532 532 532  532  532
timecov1 (col) 532 532 532 532 532 532 532 532  532  532


##------ Thu Mar 14 17:10:06 2019 ------##


------------ estimating TERGM for: qualtrics --------------
Using 4 cores
 t=1 t=2 t=3 t=4 t=5 t=6 t=7 t=8 t=9 t=10 t=11
   1   2   3   4   5   6   7   8   9   10   11
               t=2 t=3 t=4 t=5 t=6 t=7 t=8 t=9 t=10 t=11
nets (row)     532 532 532 532 532 532 532 532  532  532
nets (col)     532 532 532 532 532 532 532 532  532  532
cossim (row)   532 532 532 532 532 532 532 532  532  532
cossim (col)   532 532 532 532 532 532 532 532  532  532
centjoin (row) 532 532 532 532 532 532 532 532  532  532
centjoin (col) 532 532 532 532 532 532 532 532  532  532
shinv (row)    532 532 532 532 532 532 532 532  532  532
shinv (col)    532 532 532 532 532 532 532 532  532  532
mmc (row)      532 532 532 532 532 532 532 532  532  532
mmc (col)      532 532 532 532 532 532 532 532  532  532
memory (row)   532 532 532 532 532 532 532 532  532  532
memory (col)   532 532 532 532 532 532 532 532  532  532
timecov1 (row) 532 532 532 532 532 532 532 532  532  532
timecov1 (col) 532 532 532 532 532 532 532 532  532  532
               t=2 t=3 t=4 t=5 t=6 t=7 t=8 t=9 t=10 t=11
nets (row)     532 532 532 532 532 532 532 532  532  532
nets (col)     532 532 532 532 532 532 532 532  532  532
cossim (row)   532 532 532 532 532 532 532 532  532  532
cossim (col)   532 532 532 532 532 532 532 532  532  532
centjoin (row) 532 532 532 532 532 532 532 532  532  532
centjoin (col) 532 532 532 532 532 532 532 532  532  532
shinv (row)    532 532 532 532 532 532 532 532  532  532
shinv (col)    532 532 532 532 532 532 532 532  532  532
mmc (row)      532 532 532 532 532 532 532 532  532  532
mmc (col)      532 532 532 532 532 532 532 532  532  532
memory (row)   532 532 532 532 532 532 532 532  532  532
memory (col)   532 532 532 532 532 532 532 532  532  532
timecov1 (row) 532 532 532 532 532 532 532 532  532  532
timecov1 (col) 532 532 532 532 532 532 532 532  532  532


##------ Sat Feb 23 07:17:18 2019 ------##


------------ estimating TERGM for: qualtrics --------------
Using 4 cores
 t=1 t=2 t=3 t=4 t=5 t=6 t=7 t=8 t=9 t=10 t=11
   1   2   3   4   5   6   7   8   9   10   11
               t=2 t=3 t=4 t=5 t=6 t=7 t=8 t=9 t=10 t=11
nets (row)     532 532 532 532 532 532 532 532  532  532
nets (col)     532 532 532 532 532 532 532 532  532  532
cossim (row)   532 532 532 532 532 532 532 532  532  532
cossim (col)   532 532 532 532 532 532 532 532  532  532
centjoin (row) 532 532 532 532 532 532 532 532  532  532
centjoin (col) 532 532 532 532 532 532 532 532  532  532
shinv (row)    532 532 532 532 532 532 532 532  532  532
shinv (col)    532 532 532 532 532 532 532 532  532  532
mmc (row)      532 532 532 532 532 532 532 532  532  532
mmc (col)      532 532 532 532 532 532 532 532  532  532
memory (row)   532 532 532 532 532 532 532 532  532  532
memory (col)   532 532 532 532 532 532 532 532  532  532
timecov1 (row) 532 532 532 532 532 532 532 532  532  532
timecov1 (col) 532 532 532 532 532 532 532 532  532  532
               t=2 t=3 t=4 t=5 t=6 t=7 t=8 t=9 t=10 t=11
nets (row)     532 532 532 532 532 532 532 532  532  532
nets (col)     532 532 532 532 532 532 532 532  532  532
cossim (row)   532 532 532 532 532 532 532 532  532  532
cossim (col)   532 532 532 532 532 532 532 532  532  532
centjoin (row) 532 532 532 532 532 532 532 532  532  532
centjoin (col) 532 532 532 532 532 532 532 532  532  532
shinv (row)    532 532 532 532 532 532 532 532  532  532
shinv (col)    532 532 532 532 532 532 532 532  532  532
mmc (row)      532 532 532 532 532 532 532 532  532  532
mmc (col)      532 532 532 532 532 532 532 532  532  532
memory (row)   532 532 532 532 532 532 532 532  532  532
memory (col)   532 532 532 532 532 532 532 532  532  532
timecov1 (row) 532 532 532 532 532 532 532 532  532  532
timecov1 (col) 532 532 532 532 532 532 532 532  532  532


##------ Thu Mar 14 20:49:33 2019 ------##


------------ estimating TERGM for: qualtrics --------------
Using 4 cores
 t=1 t=2 t=3 t=4 t=5 t=6 t=7 t=8 t=9 t=10 t=11
   1   2   3   4   5   6   7   8   9   10   11
               t=2 t=3 t=4 t=5 t=6 t=7 t=8 t=9 t=10 t=11
nets (row)     532 532 532 532 532 532 532 532  532  532
nets (col)     532 532 532 532 532 532 532 532  532  532
cossim (row)   532 532 532 532 532 532 532 532  532  532
cossim (col)   532 532 532 532 532 532 532 532  532  532
centjoin (row) 532 532 532 532 532 532 532 532  532  532
centjoin (col) 532 532 532 532 532 532 532 532  532  532
shinv (row)    532 532 532 532 532 532 532 532  532  532
shinv (col)    532 532 532 532 532 532 532 532  532  532
mmc (row)      532 532 532 532 532 532 532 532  532  532
mmc (col)      532 532 532 532 532 532 532 532  532  532
memory (row)   532 532 532 532 532 532 532 532  532  532
memory (col)   532 532 532 532 532 532 532 532  532  532
timecov1 (row) 532 532 532 532 532 532 532 532  532  532
timecov1 (col) 532 532 532 532 532 532 532 532  532  532
               t=2 t=3 t=4 t=5 t=6 t=7 t=8 t=9 t=10 t=11
nets (row)     532 532 532 532 532 532 532 532  532  532
nets (col)     532 532 532 532 532 532 532 532  532  532
cossim (row)   532 532 532 532 532 532 532 532  532  532
cossim (col)   532 532 532 532 532 532 532 532  532  532
centjoin (row) 532 532 532 532 532 532 532 532  532  532
centjoin (col) 532 532 532 532 532 532 532 532  532  532
shinv (row)    532 532 532 532 532 532 532 532  532  532
shinv (col)    532 532 532 532 532 532 532 532  532  532
mmc (row)      532 532 532 532 532 532 532 532  532  532
mmc (col)      532 532 532 532 532 532 532 532  532  532
memory (row)   532 532 532 532 532 532 532 532  532  532
memory (col)   532 532 532 532 532 532 532 532  532  532
timecov1 (row) 532 532 532 532 532 532 532 532  532  532
timecov1 (col) 532 532 532 532 532 532 532 532  532  532
finished successfully.