

##------ Thu Mar 14 22:50:43 2019 ------##


------------ estimating TERGM for: confirmit --------------
Using 4 cores
 t=1 t=2 t=3 t=4 t=5 t=6 t=7 t=8 t=9 t=10 t=11
   1   2   3   4   5   6   7   8   9   10   11
               t=2 t=3 t=4 t=5 t=6 t=7 t=8 t=9 t=10 t=11
nets (row)     519 519 519 519 519 519 519 519  519  519
nets (col)     519 519 519 519 519 519 519 519  519  519
cossim (row)   519 519 519 519 519 519 519 519  519  519
cossim (col)   519 519 519 519 519 519 519 519  519  519
centjoin (row) 519 519 519 519 519 519 519 519  519  519
centjoin (col) 519 519 519 519 519 519 519 519  519  519
shinv (row)    519 519 519 519 519 519 519 519  519  519
shinv (col)    519 519 519 519 519 519 519 519  519  519
mmc (row)      519 519 519 519 519 519 519 519  519  519
mmc (col)      519 519 519 519 519 519 519 519  519  519
memory (row)   519 519 519 519 519 519 519 519  519  519
memory (col)   519 519 519 519 519 519 519 519  519  519
timecov1 (row) 519 519 519 519 519 519 519 519  519  519
timecov1 (col) 519 519 519 519 519 519 519 519  519  519
               t=2 t=3 t=4 t=5 t=6 t=7 t=8 t=9 t=10 t=11
nets (row)     519 519 519 519 519 519 519 519  519  519
nets (col)     519 519 519 519 519 519 519 519  519  519
cossim (row)   519 519 519 519 519 519 519 519  519  519
cossim (col)   519 519 519 519 519 519 519 519  519  519
centjoin (row) 519 519 519 519 519 519 519 519  519  519
centjoin (col) 519 519 519 519 519 519 519 519  519  519
shinv (row)    519 519 519 519 519 519 519 519  519  519
shinv (col)    519 519 519 519 519 519 519 519  519  519
mmc (row)      519 519 519 519 519 519 519 519  519  519
mmc (col)      519 519 519 519 519 519 519 519  519  519
memory (row)   519 519 519 519 519 519 519 519  519  519
memory (col)   519 519 519 519 519 519 519 519  519  519
timecov1 (row) 519 519 519 519 519 519 519 519  519  519
timecov1 (col) 519 519 519 519 519 519 519 519  519  519
