

##------ Wed Mar 20 01:47:07 2019 ------##


------------ estimating TERGM for: userate --------------
Using 4 cores
 t=1 t=2 t=3 t=4 t=5 t=6 t=7 t=8 t=9 t=10 t=11
   1   2   3   4   5   6   7   8   9   10   11
               t=2 t=3 t=4 t=5 t=6 t=7 t=8 t=9 t=10 t=11
nets (row)     318 318 318 318 318 318 318 318  318  318
nets (col)     318 318 318 318 318 318 318 318  318  318
cossim (row)   318 318 318 318 318 318 318 318  318  318
cossim (col)   318 318 318 318 318 318 318 318  318  318
centjoin (row) 318 318 318 318 318 318 318 318  318  318
centjoin (col) 318 318 318 318 318 318 318 318  318  318
shinv (row)    318 318 318 318 318 318 318 318  318  318
shinv (col)    318 318 318 318 318 318 318 318  318  318
mmc (row)      318 318 318 318 318 318 318 318  318  318
mmc (col)      318 318 318 318 318 318 318 318  318  318
memory (row)   318 318 318 318 318 318 318 318  318  318
memory (col)   318 318 318 318 318 318 318 318  318  318
timecov1 (row) 318 318 318 318 318 318 318 318  318  318
timecov1 (col) 318 318 318 318 318 318 318 318  318  318
               t=2 t=3 t=4 t=5 t=6 t=7 t=8 t=9 t=10 t=11
nets (row)     318 318 318 318 318 318 318 318  318  318
nets (col)     318 318 318 318 318 318 318 318  318  318
cossim (row)   318 318 318 318 318 318 318 318  318  318
cossim (col)   318 318 318 318 318 318 318 318  318  318
centjoin (row) 318 318 318 318 318 318 318 318  318  318
centjoin (col) 318 318 318 318 318 318 318 318  318  318
shinv (row)    318 318 318 318 318 318 318 318  318  318
shinv (col)    318 318 318 318 318 318 318 318  318  318
mmc (row)      318 318 318 318 318 318 318 318  318  318
mmc (col)      318 318 318 318 318 318 318 318  318  318
memory (row)   318 318 318 318 318 318 318 318  318  318
memory (col)   318 318 318 318 318 318 318 318  318  318
timecov1 (row) 318 318 318 318 318 318 318 318  318  318
timecov1 (col) 318 318 318 318 318 318 318 318  318  318
