

##------ Wed Mar 20 06:28:00 2019 ------##


------------ estimating TERGM for: checkmarket --------------
Using 4 cores
 t=1 t=2 t=3 t=4 t=5 t=6 t=7 t=8 t=9 t=10 t=11
   1   2   3   4   5   6   7   8   9   10   11
               t=2 t=3 t=4 t=5 t=6 t=7 t=8 t=9 t=10 t=11
nets (row)     274 274 274 274 274 274 274 274  274  274
nets (col)     274 274 274 274 274 274 274 274  274  274
cossim (row)   274 274 274 274 274 274 274 274  274  274
cossim (col)   274 274 274 274 274 274 274 274  274  274
centjoin (row) 274 274 274 274 274 274 274 274  274  274
centjoin (col) 274 274 274 274 274 274 274 274  274  274
shinv (row)    274 274 274 274 274 274 274 274  274  274
shinv (col)    274 274 274 274 274 274 274 274  274  274
mmc (row)      274 274 274 274 274 274 274 274  274  274
mmc (col)      274 274 274 274 274 274 274 274  274  274
memory (row)   274 274 274 274 274 274 274 274  274  274
memory (col)   274 274 274 274 274 274 274 274  274  274
timecov1 (row) 274 274 274 274 274 274 274 274  274  274
timecov1 (col) 274 274 274 274 274 274 274 274  274  274
               t=2 t=3 t=4 t=5 t=6 t=7 t=8 t=9 t=10 t=11
nets (row)     274 274 274 274 274 274 274 274  274  274
nets (col)     274 274 274 274 274 274 274 274  274  274
cossim (row)   274 274 274 274 274 274 274 274  274  274
cossim (col)   274 274 274 274 274 274 274 274  274  274
centjoin (row) 274 274 274 274 274 274 274 274  274  274
centjoin (col) 274 274 274 274 274 274 274 274  274  274
shinv (row)    274 274 274 274 274 274 274 274  274  274
shinv (col)    274 274 274 274 274 274 274 274  274  274
mmc (row)      274 274 274 274 274 274 274 274  274  274
mmc (col)      274 274 274 274 274 274 274 274  274  274
memory (row)   274 274 274 274 274 274 274 274  274  274
memory (col)   274 274 274 274 274 274 274 274  274  274
timecov1 (row) 274 274 274 274 274 274 274 274  274  274
timecov1 (col) 274 274 274 274 274 274 274 274  274  274
finished successfully.

##------ Wed Mar 20 09:09:25 2019 ------##


------------ estimating TERGM for: checkmarket --------------
Using 4 cores
 t=1 t=2 t=3 t=4 t=5 t=6 t=7 t=8 t=9 t=10 t=11
   1   2   3   4   5   6   7   8   9   10   11
               t=2 t=3 t=4 t=5 t=6 t=7 t=8 t=9 t=10 t=11
nets (row)     274 274 274 274 274 274 274 274  274  274
nets (col)     274 274 274 274 274 274 274 274  274  274
cossim (row)   274 274 274 274 274 274 274 274  274  274
cossim (col)   274 274 274 274 274 274 274 274  274  274
centjoin (row) 274 274 274 274 274 274 274 274  274  274
centjoin (col) 274 274 274 274 274 274 274 274  274  274
shinv (row)    274 274 274 274 274 274 274 274  274  274
shinv (col)    274 274 274 274 274 274 274 274  274  274
mmc (row)      274 274 274 274 274 274 274 274  274  274
mmc (col)      274 274 274 274 274 274 274 274  274  274
memory (row)   274 274 274 274 274 274 274 274  274  274
memory (col)   274 274 274 274 274 274 274 274  274  274
timecov1 (row) 274 274 274 274 274 274 274 274  274  274
timecov1 (col) 274 274 274 274 274 274 274 274  274  274
               t=2 t=3 t=4 t=5 t=6 t=7 t=8 t=9 t=10 t=11
nets (row)     274 274 274 274 274 274 274 274  274  274
nets (col)     274 274 274 274 274 274 274 274  274  274
cossim (row)   274 274 274 274 274 274 274 274  274  274
cossim (col)   274 274 274 274 274 274 274 274  274  274
centjoin (row) 274 274 274 274 274 274 274 274  274  274
centjoin (col) 274 274 274 274 274 274 274 274  274  274
shinv (row)    274 274 274 274 274 274 274 274  274  274
shinv (col)    274 274 274 274 274 274 274 274  274  274
mmc (row)      274 274 274 274 274 274 274 274  274  274
mmc (col)      274 274 274 274 274 274 274 274  274  274
memory (row)   274 274 274 274 274 274 274 274  274  274
memory (col)   274 274 274 274 274 274 274 274  274  274
timecov1 (row) 274 274 274 274 274 274 274 274  274  274
timecov1 (col) 274 274 274 274 274 274 274 274  274  274
