

##------ Wed Mar 20 10:00:13 2019 ------##


------------ estimating TERGM for: verint --------------
Using 4 cores
 t=1 t=2 t=3 t=4 t=5 t=6 t=7 t=8 t=9 t=10 t=11
   1   2   3   4   5   6   7   8   9   10   11
               t=2 t=3 t=4 t=5 t=6 t=7 t=8 t=9 t=10 t=11
nets (row)     549 549 549 549 549 549 549 549  549  549
nets (col)     549 549 549 549 549 549 549 549  549  549
cossim (row)   549 549 549 549 549 549 549 549  549  549
cossim (col)   549 549 549 549 549 549 549 549  549  549
centjoin (row) 549 549 549 549 549 549 549 549  549  549
centjoin (col) 549 549 549 549 549 549 549 549  549  549
shinv (row)    549 549 549 549 549 549 549 549  549  549
shinv (col)    549 549 549 549 549 549 549 549  549  549
mmc (row)      549 549 549 549 549 549 549 549  549  549
mmc (col)      549 549 549 549 549 549 549 549  549  549
memory (row)   549 549 549 549 549 549 549 549  549  549
memory (col)   549 549 549 549 549 549 549 549  549  549
timecov1 (row) 549 549 549 549 549 549 549 549  549  549
timecov1 (col) 549 549 549 549 549 549 549 549  549  549
               t=2 t=3 t=4 t=5 t=6 t=7 t=8 t=9 t=10 t=11
nets (row)     549 549 549 549 549 549 549 549  549  549
nets (col)     549 549 549 549 549 549 549 549  549  549
cossim (row)   549 549 549 549 549 549 549 549  549  549
cossim (col)   549 549 549 549 549 549 549 549  549  549
centjoin (row) 549 549 549 549 549 549 549 549  549  549
centjoin (col) 549 549 549 549 549 549 549 549  549  549
shinv (row)    549 549 549 549 549 549 549 549  549  549
shinv (col)    549 549 549 549 549 549 549 549  549  549
mmc (row)      549 549 549 549 549 549 549 549  549  549
mmc (col)      549 549 549 549 549 549 549 549  549  549
memory (row)   549 549 549 549 549 549 549 549  549  549
memory (col)   549 549 549 549 549 549 549 549  549  549
timecov1 (row) 549 549 549 549 549 549 549 549  549  549
timecov1 (col) 549 549 549 549 549 549 549 549  549  549


##------ Mon Jun  6 19:46:23 2011 ------##


------------ estimating TERGM for: verint --------------
Using 4 cores
 t=1 t=2 t=3 t=4 t=5 t=6 t=7 t=8 t=9 t=10 t=11
   1   2   3   4   5   6   7   8   9   10   11
               t=2 t=3 t=4 t=5 t=6 t=7 t=8 t=9 t=10 t=11
nets (row)     549 549 549 549 549 549 549 549  549  549
nets (col)     549 549 549 549 549 549 549 549  549  549
cossim (row)   549 549 549 549 549 549 549 549  549  549
cossim (col)   549 549 549 549 549 549 549 549  549  549
centjoin (row) 549 549 549 549 549 549 549 549  549  549
centjoin (col) 549 549 549 549 549 549 549 549  549  549
shinv (row)    549 549 549 549 549 549 549 549  549  549
shinv (col)    549 549 549 549 549 549 549 549  549  549
mmc (row)      549 549 549 549 549 549 549 549  549  549
mmc (col)      549 549 549 549 549 549 549 549  549  549
memory (row)   549 549 549 549 549 549 549 549  549  549
memory (col)   549 549 549 549 549 549 549 549  549  549
timecov1 (row) 549 549 549 549 549 549 549 549  549  549
timecov1 (col) 549 549 549 549 549 549 549 549  549  549
               t=2 t=3 t=4 t=5 t=6 t=7 t=8 t=9 t=10 t=11
nets (row)     549 549 549 549 549 549 549 549  549  549
nets (col)     549 549 549 549 549 549 549 549  549  549
cossim (row)   549 549 549 549 549 549 549 549  549  549
cossim (col)   549 549 549 549 549 549 549 549  549  549
centjoin (row) 549 549 549 549 549 549 549 549  549  549
centjoin (col) 549 549 549 549 549 549 549 549  549  549
shinv (row)    549 549 549 549 549 549 549 549  549  549
shinv (col)    549 549 549 549 549 549 549 549  549  549
mmc (row)      549 549 549 549 549 549 549 549  549  549
mmc (col)      549 549 549 549 549 549 549 549  549  549
memory (row)   549 549 549 549 549 549 549 549  549  549
memory (col)   549 549 549 549 549 549 549 549  549  549
timecov1 (row) 549 549 549 549 549 549 549 549  549  549
timecov1 (col) 549 549 549 549 549 549 549 549  549  549
finished successfully.