

##------ Wed Mar 20 01:38:51 2019 ------##


------------ estimating TERGM for: myfeelback --------------
Using 4 cores
 t=1 t=2 t=3 t=4 t=5 t=6 t=7 t=8 t=9 t=10 t=11
   1   2   3   4   5   6   7   8   9   10   11
               t=2 t=3 t=4 t=5 t=6 t=7 t=8 t=9 t=10 t=11
nets (row)     250 250 250 250 250 250 250 250  250  250
nets (col)     250 250 250 250 250 250 250 250  250  250
cossim (row)   250 250 250 250 250 250 250 250  250  250
cossim (col)   250 250 250 250 250 250 250 250  250  250
centjoin (row) 250 250 250 250 250 250 250 250  250  250
centjoin (col) 250 250 250 250 250 250 250 250  250  250
shinv (row)    250 250 250 250 250 250 250 250  250  250
shinv (col)    250 250 250 250 250 250 250 250  250  250
mmc (row)      250 250 250 250 250 250 250 250  250  250
mmc (col)      250 250 250 250 250 250 250 250  250  250
memory (row)   250 250 250 250 250 250 250 250  250  250
memory (col)   250 250 250 250 250 250 250 250  250  250
timecov1 (row) 250 250 250 250 250 250 250 250  250  250
timecov1 (col) 250 250 250 250 250 250 250 250  250  250
               t=2 t=3 t=4 t=5 t=6 t=7 t=8 t=9 t=10 t=11
nets (row)     250 250 250 250 250 250 250 250  250  250
nets (col)     250 250 250 250 250 250 250 250  250  250
cossim (row)   250 250 250 250 250 250 250 250  250  250
cossim (col)   250 250 250 250 250 250 250 250  250  250
centjoin (row) 250 250 250 250 250 250 250 250  250  250
centjoin (col) 250 250 250 250 250 250 250 250  250  250
shinv (row)    250 250 250 250 250 250 250 250  250  250
shinv (col)    250 250 250 250 250 250 250 250  250  250
mmc (row)      250 250 250 250 250 250 250 250  250  250
mmc (col)      250 250 250 250 250 250 250 250  250  250
memory (row)   250 250 250 250 250 250 250 250  250  250
memory (col)   250 250 250 250 250 250 250 250  250  250
timecov1 (row) 250 250 250 250 250 250 250 250  250  250
timecov1 (col) 250 250 250 250 250 250 250 250  250  250


##------ Wed Mar 20 04:11:41 2019 ------##


------------ estimating TERGM for: myfeelback --------------
Using 4 cores
 t=1 t=2 t=3 t=4 t=5 t=6 t=7 t=8 t=9 t=10 t=11
   1   2   3   4   5   6   7   8   9   10   11
               t=2 t=3 t=4 t=5 t=6 t=7 t=8 t=9 t=10 t=11
nets (row)     250 250 250 250 250 250 250 250  250  250
nets (col)     250 250 250 250 250 250 250 250  250  250
cossim (row)   250 250 250 250 250 250 250 250  250  250
cossim (col)   250 250 250 250 250 250 250 250  250  250
centjoin (row) 250 250 250 250 250 250 250 250  250  250
centjoin (col) 250 250 250 250 250 250 250 250  250  250
shinv (row)    250 250 250 250 250 250 250 250  250  250
shinv (col)    250 250 250 250 250 250 250 250  250  250
mmc (row)      250 250 250 250 250 250 250 250  250  250
mmc (col)      250 250 250 250 250 250 250 250  250  250
memory (row)   250 250 250 250 250 250 250 250  250  250
memory (col)   250 250 250 250 250 250 250 250  250  250
timecov1 (row) 250 250 250 250 250 250 250 250  250  250
timecov1 (col) 250 250 250 250 250 250 250 250  250  250
               t=2 t=3 t=4 t=5 t=6 t=7 t=8 t=9 t=10 t=11
nets (row)     250 250 250 250 250 250 250 250  250  250
nets (col)     250 250 250 250 250 250 250 250  250  250
cossim (row)   250 250 250 250 250 250 250 250  250  250
cossim (col)   250 250 250 250 250 250 250 250  250  250
centjoin (row) 250 250 250 250 250 250 250 250  250  250
centjoin (col) 250 250 250 250 250 250 250 250  250  250
shinv (row)    250 250 250 250 250 250 250 250  250  250
shinv (col)    250 250 250 250 250 250 250 250  250  250
mmc (row)      250 250 250 250 250 250 250 250  250  250
mmc (col)      250 250 250 250 250 250 250 250  250  250
memory (row)   250 250 250 250 250 250 250 250  250  250
memory (col)   250 250 250 250 250 250 250 250  250  250
timecov1 (row) 250 250 250 250 250 250 250 250  250  250
timecov1 (col) 250 250 250 250 250 250 250 250  250  250
finished successfully.

##------ Thu Mar 21 09:06:52 2019 ------##


------------ estimating TERGM for: myfeelback --------------
Using 4 cores
 t=1 t=2 t=3 t=4 t=5 t=6 t=7 t=8 t=9 t=10 t=11
   1   2   3   4   5   6   7   8   9   10   11
               t=2 t=3 t=4 t=5 t=6 t=7 t=8 t=9 t=10 t=11
nets (row)     250 250 250 250 250 250 250 250  250  250
nets (col)     250 250 250 250 250 250 250 250  250  250
cossim (row)   250 250 250 250 250 250 250 250  250  250
cossim (col)   250 250 250 250 250 250 250 250  250  250
centjoin (row) 250 250 250 250 250 250 250 250  250  250
centjoin (col) 250 250 250 250 250 250 250 250  250  250
shinv (row)    250 250 250 250 250 250 250 250  250  250
shinv (col)    250 250 250 250 250 250 250 250  250  250
mmc (row)      250 250 250 250 250 250 250 250  250  250
mmc (col)      250 250 250 250 250 250 250 250  250  250
memory (row)   250 250 250 250 250 250 250 250  250  250
memory (col)   250 250 250 250 250 250 250 250  250  250
timecov1 (row) 250 250 250 250 250 250 250 250  250  250
timecov1 (col) 250 250 250 250 250 250 250 250  250  250
               t=2 t=3 t=4 t=5 t=6 t=7 t=8 t=9 t=10 t=11
nets (row)     250 250 250 250 250 250 250 250  250  250
nets (col)     250 250 250 250 250 250 250 250  250  250
cossim (row)   250 250 250 250 250 250 250 250  250  250
cossim (col)   250 250 250 250 250 250 250 250  250  250
centjoin (row) 250 250 250 250 250 250 250 250  250  250
centjoin (col) 250 250 250 250 250 250 250 250  250  250
shinv (row)    250 250 250 250 250 250 250 250  250  250
shinv (col)    250 250 250 250 250 250 250 250  250  250
mmc (row)      250 250 250 250 250 250 250 250  250  250
mmc (col)      250 250 250 250 250 250 250 250  250  250
memory (row)   250 250 250 250 250 250 250 250  250  250
memory (col)   250 250 250 250 250 250 250 250  250  250
timecov1 (row) 250 250 250 250 250 250 250 250  250  250
timecov1 (col) 250 250 250 250 250 250 250 250  250  250


##------ Thu Mar 21 12:45:21 2019 ------##


------------ estimating TERGM for: myfeelback --------------
Using 4 cores
 t=1 t=2 t=3 t=4 t=5 t=6 t=7 t=8 t=9 t=10 t=11
   1   2   3   4   5   6   7   8   9   10   11
               t=2 t=3 t=4 t=5 t=6 t=7 t=8 t=9 t=10 t=11
nets (row)     250 250 250 250 250 250 250 250  250  250
nets (col)     250 250 250 250 250 250 250 250  250  250
cossim (row)   250 250 250 250 250 250 250 250  250  250
cossim (col)   250 250 250 250 250 250 250 250  250  250
centjoin (row) 250 250 250 250 250 250 250 250  250  250
centjoin (col) 250 250 250 250 250 250 250 250  250  250
shinv (row)    250 250 250 250 250 250 250 250  250  250
shinv (col)    250 250 250 250 250 250 250 250  250  250
mmc (row)      250 250 250 250 250 250 250 250  250  250
mmc (col)      250 250 250 250 250 250 250 250  250  250
memory (row)   250 250 250 250 250 250 250 250  250  250
memory (col)   250 250 250 250 250 250 250 250  250  250
timecov1 (row) 250 250 250 250 250 250 250 250  250  250
timecov1 (col) 250 250 250 250 250 250 250 250  250  250
               t=2 t=3 t=4 t=5 t=6 t=7 t=8 t=9 t=10 t=11
nets (row)     250 250 250 250 250 250 250 250  250  250
nets (col)     250 250 250 250 250 250 250 250  250  250
cossim (row)   250 250 250 250 250 250 250 250  250  250
cossim (col)   250 250 250 250 250 250 250 250  250  250
centjoin (row) 250 250 250 250 250 250 250 250  250  250
centjoin (col) 250 250 250 250 250 250 250 250  250  250
shinv (row)    250 250 250 250 250 250 250 250  250  250
shinv (col)    250 250 250 250 250 250 250 250  250  250
mmc (row)      250 250 250 250 250 250 250 250  250  250
mmc (col)      250 250 250 250 250 250 250 250  250  250
memory (row)   250 250 250 250 250 250 250 250  250  250
memory (col)   250 250 250 250 250 250 250 250  250  250
timecov1 (row) 250 250 250 250 250 250 250 250  250  250
timecov1 (col) 250 250 250 250 250 250 250 250  250  250
finished successfully.