

##------ Wed Mar 20 02:05:51 2019 ------##


------------ estimating TERGM for: voice-polls --------------
Using 4 cores
 t=1 t=2 t=3 t=4 t=5 t=6 t=7 t=8 t=9 t=10 t=11
   1   2   3   4   5   6   7   8   9   10   11
               t=2 t=3 t=4 t=5 t=6 t=7 t=8 t=9 t=10 t=11
nets (row)     938 938 938 938 938 938 938 938  938  938
nets (col)     938 938 938 938 938 938 938 938  938  938
cossim (row)   938 938 938 938 938 938 938 938  938  938
cossim (col)   938 938 938 938 938 938 938 938  938  938
centjoin (row) 938 938 938 938 938 938 938 938  938  938
centjoin (col) 938 938 938 938 938 938 938 938  938  938
shinv (row)    938 938 938 938 938 938 938 938  938  938
shinv (col)    938 938 938 938 938 938 938 938  938  938
mmc (row)      938 938 938 938 938 938 938 938  938  938
mmc (col)      938 938 938 938 938 938 938 938  938  938
memory (row)   938 938 938 938 938 938 938 938  938  938
memory (col)   938 938 938 938 938 938 938 938  938  938
timecov1 (row) 938 938 938 938 938 938 938 938  938  938
timecov1 (col) 938 938 938 938 938 938 938 938  938  938
               t=2 t=3 t=4 t=5 t=6 t=7 t=8 t=9 t=10 t=11
nets (row)     938 938 938 938 938 938 938 938  938  938
nets (col)     938 938 938 938 938 938 938 938  938  938
cossim (row)   938 938 938 938 938 938 938 938  938  938
cossim (col)   938 938 938 938 938 938 938 938  938  938
centjoin (row) 938 938 938 938 938 938 938 938  938  938
centjoin (col) 938 938 938 938 938 938 938 938  938  938
shinv (row)    938 938 938 938 938 938 938 938  938  938
shinv (col)    938 938 938 938 938 938 938 938  938  938
mmc (row)      938 938 938 938 938 938 938 938  938  938
mmc (col)      938 938 938 938 938 938 938 938  938  938
memory (row)   938 938 938 938 938 938 938 938  938  938
memory (col)   938 938 938 938 938 938 938 938  938  938
timecov1 (row) 938 938 938 938 938 938 938 938  938  938
timecov1 (col) 938 938 938 938 938 938 938 938  938  938
