

##------ Wed Mar 20 08:46:29 2019 ------##


------------ estimating TERGM for: satmetrix --------------
Using 4 cores
 t=1 t=2 t=3 t=4 t=5 t=6 t=7 t=8 t=9 t=10 t=11
   1   2   3   4   5   6   7   8   9   10   11
               t=2 t=3 t=4 t=5 t=6 t=7 t=8 t=9 t=10 t=11
nets (row)     345 345 345 345 345 345 345 345  345  345
nets (col)     345 345 345 345 345 345 345 345  345  345
cossim (row)   345 345 345 345 345 345 345 345  345  345
cossim (col)   345 345 345 345 345 345 345 345  345  345
centjoin (row) 345 345 345 345 345 345 345 345  345  345
centjoin (col) 345 345 345 345 345 345 345 345  345  345
shinv (row)    345 345 345 345 345 345 345 345  345  345
shinv (col)    345 345 345 345 345 345 345 345  345  345
mmc (row)      345 345 345 345 345 345 345 345  345  345
mmc (col)      345 345 345 345 345 345 345 345  345  345
memory (row)   345 345 345 345 345 345 345 345  345  345
memory (col)   345 345 345 345 345 345 345 345  345  345
timecov1 (row) 345 345 345 345 345 345 345 345  345  345
timecov1 (col) 345 345 345 345 345 345 345 345  345  345
               t=2 t=3 t=4 t=5 t=6 t=7 t=8 t=9 t=10 t=11
nets (row)     345 345 345 345 345 345 345 345  345  345
nets (col)     345 345 345 345 345 345 345 345  345  345
cossim (row)   345 345 345 345 345 345 345 345  345  345
cossim (col)   345 345 345 345 345 345 345 345  345  345
centjoin (row) 345 345 345 345 345 345 345 345  345  345
centjoin (col) 345 345 345 345 345 345 345 345  345  345
shinv (row)    345 345 345 345 345 345 345 345  345  345
shinv (col)    345 345 345 345 345 345 345 345  345  345
mmc (row)      345 345 345 345 345 345 345 345  345  345
mmc (col)      345 345 345 345 345 345 345 345  345  345
memory (row)   345 345 345 345 345 345 345 345  345  345
memory (col)   345 345 345 345 345 345 345 345  345  345
timecov1 (row) 345 345 345 345 345 345 345 345  345  345
timecov1 (col) 345 345 345 345 345 345 345 345  345  345
finished successfully.