

##------ Sat Mar 23 04:24:09 2019 ------##


------------ estimating TERGM for: surveyrock --------------
Using 16 cores
 t=1 t=2 t=3 t=4 t=5 t=6 t=7 t=8 t=9 t=10 t=11
   1   2   3   4   5   6   7   8   9   10   11
               t=2 t=3 t=4 t=5 t=6 t=7 t=8 t=9 t=10 t=11
nets (row)     254 254 254 254 254 254 254 254  254  254
nets (col)     254 254 254 254 254 254 254 254  254  254
cossim (row)   254 254 254 254 254 254 254 254  254  254
cossim (col)   254 254 254 254 254 254 254 254  254  254
shinv (row)    254 254 254 254 254 254 254 254  254  254
shinv (col)    254 254 254 254 254 254 254 254  254  254
mmc (row)      254 254 254 254 254 254 254 254  254  254
mmc (col)      254 254 254 254 254 254 254 254  254  254
memory (row)   254 254 254 254 254 254 254 254  254  254
memory (col)   254 254 254 254 254 254 254 254  254  254
timecov1 (row) 254 254 254 254 254 254 254 254  254  254
timecov1 (col) 254 254 254 254 254 254 254 254  254  254
               t=2 t=3 t=4 t=5 t=6 t=7 t=8 t=9 t=10 t=11
nets (row)     254 254 254 254 254 254 254 254  254  254
nets (col)     254 254 254 254 254 254 254 254  254  254
cossim (row)   254 254 254 254 254 254 254 254  254  254
cossim (col)   254 254 254 254 254 254 254 254  254  254
shinv (row)    254 254 254 254 254 254 254 254  254  254
shinv (col)    254 254 254 254 254 254 254 254  254  254
mmc (row)      254 254 254 254 254 254 254 254  254  254
mmc (col)      254 254 254 254 254 254 254 254  254  254
memory (row)   254 254 254 254 254 254 254 254  254  254
memory (col)   254 254 254 254 254 254 254 254  254  254
timecov1 (row) 254 254 254 254 254 254 254 254  254  254
timecov1 (col) 254 254 254 254 254 254 254 254  254  254
finished successfully.