

##------ Thu Mar 21 23:03:13 2019 ------##


------------ estimating TERGM for: customergauge --------------
Using 4 cores
 t=1 t=2 t=3 t=4 t=5 t=6 t=7 t=8 t=9 t=10 t=11
   1   2   3   4   5   6   7   8   9   10   11
               t=2 t=3 t=4 t=5 t=6 t=7 t=8 t=9 t=10 t=11
nets (row)     140 140 140 140 140 140 140 140  140  140
nets (col)     140 140 140 140 140 140 140 140  140  140
cossim (row)   140 140 140 140 140 140 140 140  140  140
cossim (col)   140 140 140 140 140 140 140 140  140  140
centjoin (row) 140 140 140 140 140 140 140 140  140  140
centjoin (col) 140 140 140 140 140 140 140 140  140  140
shinv (row)    140 140 140 140 140 140 140 140  140  140
shinv (col)    140 140 140 140 140 140 140 140  140  140
mmc (row)      140 140 140 140 140 140 140 140  140  140
mmc (col)      140 140 140 140 140 140 140 140  140  140
memory (row)   140 140 140 140 140 140 140 140  140  140
memory (col)   140 140 140 140 140 140 140 140  140  140
timecov1 (row) 140 140 140 140 140 140 140 140  140  140
timecov1 (col) 140 140 140 140 140 140 140 140  140  140
               t=2 t=3 t=4 t=5 t=6 t=7 t=8 t=9 t=10 t=11
nets (row)     140 140 140 140 140 140 140 140  140  140
nets (col)     140 140 140 140 140 140 140 140  140  140
cossim (row)   140 140 140 140 140 140 140 140  140  140
cossim (col)   140 140 140 140 140 140 140 140  140  140
centjoin (row) 140 140 140 140 140 140 140 140  140  140
centjoin (col) 140 140 140 140 140 140 140 140  140  140
shinv (row)    140 140 140 140 140 140 140 140  140  140
shinv (col)    140 140 140 140 140 140 140 140  140  140
mmc (row)      140 140 140 140 140 140 140 140  140  140
mmc (col)      140 140 140 140 140 140 140 140  140  140
memory (row)   140 140 140 140 140 140 140 140  140  140
memory (col)   140 140 140 140 140 140 140 140  140  140
timecov1 (row) 140 140 140 140 140 140 140 140  140  140
timecov1 (col) 140 140 140 140 140 140 140 140  140  140
finished successfully.