

##------ Wed Mar 20 01:43:03 2019 ------##


------------ estimating TERGM for: survata --------------
Using 4 cores
 t=1 t=2 t=3 t=4 t=5 t=6 t=7 t=8 t=9 t=10 t=11
   1   2   3   4   5   6   7   8   9   10   11
               t=2 t=3 t=4 t=5 t=6 t=7 t=8 t=9 t=10 t=11
nets (row)     495 495 495 495 495 495 495 495  495  495
nets (col)     495 495 495 495 495 495 495 495  495  495
cossim (row)   495 495 495 495 495 495 495 495  495  495
cossim (col)   495 495 495 495 495 495 495 495  495  495
centjoin (row) 495 495 495 495 495 495 495 495  495  495
centjoin (col) 495 495 495 495 495 495 495 495  495  495
shinv (row)    495 495 495 495 495 495 495 495  495  495
shinv (col)    495 495 495 495 495 495 495 495  495  495
mmc (row)      495 495 495 495 495 495 495 495  495  495
mmc (col)      495 495 495 495 495 495 495 495  495  495
memory (row)   495 495 495 495 495 495 495 495  495  495
memory (col)   495 495 495 495 495 495 495 495  495  495
timecov1 (row) 495 495 495 495 495 495 495 495  495  495
timecov1 (col) 495 495 495 495 495 495 495 495  495  495
               t=2 t=3 t=4 t=5 t=6 t=7 t=8 t=9 t=10 t=11
nets (row)     495 495 495 495 495 495 495 495  495  495
nets (col)     495 495 495 495 495 495 495 495  495  495
cossim (row)   495 495 495 495 495 495 495 495  495  495
cossim (col)   495 495 495 495 495 495 495 495  495  495
centjoin (row) 495 495 495 495 495 495 495 495  495  495
centjoin (col) 495 495 495 495 495 495 495 495  495  495
shinv (row)    495 495 495 495 495 495 495 495  495  495
shinv (col)    495 495 495 495 495 495 495 495  495  495
mmc (row)      495 495 495 495 495 495 495 495  495  495
mmc (col)      495 495 495 495 495 495 495 495  495  495
memory (row)   495 495 495 495 495 495 495 495  495  495
memory (col)   495 495 495 495 495 495 495 495  495  495
timecov1 (row) 495 495 495 495 495 495 495 495  495  495
timecov1 (col) 495 495 495 495 495 495 495 495  495  495


##------ Thu Feb 28 17:35:48 2019 ------##


------------ estimating TERGM for: survata --------------
Using 4 cores
 t=1 t=2 t=3 t=4 t=5 t=6 t=7 t=8 t=9 t=10 t=11
   1   2   3   4   5   6   7   8   9   10   11
               t=2 t=3 t=4 t=5 t=6 t=7 t=8 t=9 t=10 t=11
nets (row)     495 495 495 495 495 495 495 495  495  495
nets (col)     495 495 495 495 495 495 495 495  495  495
cossim (row)   495 495 495 495 495 495 495 495  495  495
cossim (col)   495 495 495 495 495 495 495 495  495  495
centjoin (row) 495 495 495 495 495 495 495 495  495  495
centjoin (col) 495 495 495 495 495 495 495 495  495  495
shinv (row)    495 495 495 495 495 495 495 495  495  495
shinv (col)    495 495 495 495 495 495 495 495  495  495
mmc (row)      495 495 495 495 495 495 495 495  495  495
mmc (col)      495 495 495 495 495 495 495 495  495  495
memory (row)   495 495 495 495 495 495 495 495  495  495
memory (col)   495 495 495 495 495 495 495 495  495  495
timecov1 (row) 495 495 495 495 495 495 495 495  495  495
timecov1 (col) 495 495 495 495 495 495 495 495  495  495
               t=2 t=3 t=4 t=5 t=6 t=7 t=8 t=9 t=10 t=11
nets (row)     495 495 495 495 495 495 495 495  495  495
nets (col)     495 495 495 495 495 495 495 495  495  495
cossim (row)   495 495 495 495 495 495 495 495  495  495
cossim (col)   495 495 495 495 495 495 495 495  495  495
centjoin (row) 495 495 495 495 495 495 495 495  495  495
centjoin (col) 495 495 495 495 495 495 495 495  495  495
shinv (row)    495 495 495 495 495 495 495 495  495  495
shinv (col)    495 495 495 495 495 495 495 495  495  495
mmc (row)      495 495 495 495 495 495 495 495  495  495
mmc (col)      495 495 495 495 495 495 495 495  495  495
memory (row)   495 495 495 495 495 495 495 495  495  495
memory (col)   495 495 495 495 495 495 495 495  495  495
timecov1 (row) 495 495 495 495 495 495 495 495  495  495
timecov1 (col) 495 495 495 495 495 495 495 495  495  495
finished successfully.

##------ Thu Mar 21 04:08:25 2019 ------##


------------ estimating TERGM for: survata --------------
Using 4 cores
 t=1 t=2 t=3 t=4 t=5 t=6 t=7 t=8 t=9 t=10 t=11
   1   2   3   4   5   6   7   8   9   10   11
               t=2 t=3 t=4 t=5 t=6 t=7 t=8 t=9 t=10 t=11
nets (row)     495 495 495 495 495 495 495 495  495  495
nets (col)     495 495 495 495 495 495 495 495  495  495
cossim (row)   495 495 495 495 495 495 495 495  495  495
cossim (col)   495 495 495 495 495 495 495 495  495  495
centjoin (row) 495 495 495 495 495 495 495 495  495  495
centjoin (col) 495 495 495 495 495 495 495 495  495  495
shinv (row)    495 495 495 495 495 495 495 495  495  495
shinv (col)    495 495 495 495 495 495 495 495  495  495
mmc (row)      495 495 495 495 495 495 495 495  495  495
mmc (col)      495 495 495 495 495 495 495 495  495  495
memory (row)   495 495 495 495 495 495 495 495  495  495
memory (col)   495 495 495 495 495 495 495 495  495  495
timecov1 (row) 495 495 495 495 495 495 495 495  495  495
timecov1 (col) 495 495 495 495 495 495 495 495  495  495
               t=2 t=3 t=4 t=5 t=6 t=7 t=8 t=9 t=10 t=11
nets (row)     495 495 495 495 495 495 495 495  495  495
nets (col)     495 495 495 495 495 495 495 495  495  495
cossim (row)   495 495 495 495 495 495 495 495  495  495
cossim (col)   495 495 495 495 495 495 495 495  495  495
centjoin (row) 495 495 495 495 495 495 495 495  495  495
centjoin (col) 495 495 495 495 495 495 495 495  495  495
shinv (row)    495 495 495 495 495 495 495 495  495  495
shinv (col)    495 495 495 495 495 495 495 495  495  495
mmc (row)      495 495 495 495 495 495 495 495  495  495
mmc (col)      495 495 495 495 495 495 495 495  495  495
memory (row)   495 495 495 495 495 495 495 495  495  495
memory (col)   495 495 495 495 495 495 495 495  495  495
timecov1 (row) 495 495 495 495 495 495 495 495  495  495
timecov1 (col) 495 495 495 495 495 495 495 495  495  495


##------ Thu Mar 21 04:54:39 2019 ------##


------------ estimating TERGM for: survata --------------
Using 4 cores
 t=1 t=2 t=3 t=4 t=5 t=6 t=7 t=8 t=9 t=10 t=11
   1   2   3   4   5   6   7   8   9   10   11
               t=2 t=3 t=4 t=5 t=6 t=7 t=8 t=9 t=10 t=11
nets (row)     495 495 495 495 495 495 495 495  495  495
nets (col)     495 495 495 495 495 495 495 495  495  495
cossim (row)   495 495 495 495 495 495 495 495  495  495
cossim (col)   495 495 495 495 495 495 495 495  495  495
centjoin (row) 495 495 495 495 495 495 495 495  495  495
centjoin (col) 495 495 495 495 495 495 495 495  495  495
shinv (row)    495 495 495 495 495 495 495 495  495  495
shinv (col)    495 495 495 495 495 495 495 495  495  495
mmc (row)      495 495 495 495 495 495 495 495  495  495
mmc (col)      495 495 495 495 495 495 495 495  495  495
memory (row)   495 495 495 495 495 495 495 495  495  495
memory (col)   495 495 495 495 495 495 495 495  495  495
timecov1 (row) 495 495 495 495 495 495 495 495  495  495
timecov1 (col) 495 495 495 495 495 495 495 495  495  495
               t=2 t=3 t=4 t=5 t=6 t=7 t=8 t=9 t=10 t=11
nets (row)     495 495 495 495 495 495 495 495  495  495
nets (col)     495 495 495 495 495 495 495 495  495  495
cossim (row)   495 495 495 495 495 495 495 495  495  495
cossim (col)   495 495 495 495 495 495 495 495  495  495
centjoin (row) 495 495 495 495 495 495 495 495  495  495
centjoin (col) 495 495 495 495 495 495 495 495  495  495
shinv (row)    495 495 495 495 495 495 495 495  495  495
shinv (col)    495 495 495 495 495 495 495 495  495  495
mmc (row)      495 495 495 495 495 495 495 495  495  495
mmc (col)      495 495 495 495 495 495 495 495  495  495
memory (row)   495 495 495 495 495 495 495 495  495  495
memory (col)   495 495 495 495 495 495 495 495  495  495
timecov1 (row) 495 495 495 495 495 495 495 495  495  495
timecov1 (col) 495 495 495 495 495 495 495 495  495  495
finished successfully.