

##------ Thu Mar 21 22:28:28 2019 ------##


------------ estimating TERGM for: clarabridge --------------
Using 4 cores
 t=1 t=2 t=3 t=4 t=5 t=6 t=7 t=8 t=9 t=10 t=11
   1   2   3   4   5   6   7   8   9   10   11
               t=2 t=3 t=4 t=5 t=6 t=7 t=8 t=9 t=10 t=11
nets (row)     440 440 440 440 440 440 440 440  440  440
nets (col)     440 440 440 440 440 440 440 440  440  440
cossim (row)   440 440 440 440 440 440 440 440  440  440
cossim (col)   440 440 440 440 440 440 440 440  440  440
centjoin (row) 440 440 440 440 440 440 440 440  440  440
centjoin (col) 440 440 440 440 440 440 440 440  440  440
shinv (row)    440 440 440 440 440 440 440 440  440  440
shinv (col)    440 440 440 440 440 440 440 440  440  440
mmc (row)      440 440 440 440 440 440 440 440  440  440
mmc (col)      440 440 440 440 440 440 440 440  440  440
memory (row)   440 440 440 440 440 440 440 440  440  440
memory (col)   440 440 440 440 440 440 440 440  440  440
timecov1 (row) 440 440 440 440 440 440 440 440  440  440
timecov1 (col) 440 440 440 440 440 440 440 440  440  440
               t=2 t=3 t=4 t=5 t=6 t=7 t=8 t=9 t=10 t=11
nets (row)     440 440 440 440 440 440 440 440  440  440
nets (col)     440 440 440 440 440 440 440 440  440  440
cossim (row)   440 440 440 440 440 440 440 440  440  440
cossim (col)   440 440 440 440 440 440 440 440  440  440
centjoin (row) 440 440 440 440 440 440 440 440  440  440
centjoin (col) 440 440 440 440 440 440 440 440  440  440
shinv (row)    440 440 440 440 440 440 440 440  440  440
shinv (col)    440 440 440 440 440 440 440 440  440  440
mmc (row)      440 440 440 440 440 440 440 440  440  440
mmc (col)      440 440 440 440 440 440 440 440  440  440
memory (row)   440 440 440 440 440 440 440 440  440  440
memory (col)   440 440 440 440 440 440 440 440  440  440
timecov1 (row) 440 440 440 440 440 440 440 440  440  440
timecov1 (col) 440 440 440 440 440 440 440 440  440  440
