

##------ Sat Feb 23 09:27:24 2019 ------##


------------ estimating TERGM for: qualtrics --------------
Using 4 cores
 t=1 t=2 t=3 t=4 t=5 t=6 t=7 t=8 t=9 t=10 t=11
   1   2   3   4   5   6   7   8   9   10   11
               t=2 t=3 t=4 t=5 t=6 t=7 t=8 t=9 t=10 t=11
nets (row)     168 168 168 168 168 168 168 168  168  168
nets (col)     168 168 168 168 168 168 168 168  168  168
cossim (row)   168 168 168 168 168 168 168 168  168  168
cossim (col)   168 168 168 168 168 168 168 168  168  168
centjoin (row) 168 168 168 168 168 168 168 168  168  168
centjoin (col) 168 168 168 168 168 168 168 168  168  168
shinv (row)    168 168 168 168 168 168 168 168  168  168
shinv (col)    168 168 168 168 168 168 168 168  168  168
mmc (row)      168 168 168 168 168 168 168 168  168  168
mmc (col)      168 168 168 168 168 168 168 168  168  168
memory (row)   168 168 168 168 168 168 168 168  168  168
memory (col)   168 168 168 168 168 168 168 168  168  168
timecov1 (row) 168 168 168 168 168 168 168 168  168  168
timecov1 (col) 168 168 168 168 168 168 168 168  168  168
               t=2 t=3 t=4 t=5 t=6 t=7 t=8 t=9 t=10 t=11
nets (row)     168 168 168 168 168 168 168 168  168  168
nets (col)     168 168 168 168 168 168 168 168  168  168
cossim (row)   168 168 168 168 168 168 168 168  168  168
cossim (col)   168 168 168 168 168 168 168 168  168  168
centjoin (row) 168 168 168 168 168 168 168 168  168  168
centjoin (col) 168 168 168 168 168 168 168 168  168  168
shinv (row)    168 168 168 168 168 168 168 168  168  168
shinv (col)    168 168 168 168 168 168 168 168  168  168
mmc (row)      168 168 168 168 168 168 168 168  168  168
mmc (col)      168 168 168 168 168 168 168 168  168  168
memory (row)   168 168 168 168 168 168 168 168  168  168
memory (col)   168 168 168 168 168 168 168 168  168  168
timecov1 (row) 168 168 168 168 168 168 168 168  168  168
timecov1 (col) 168 168 168 168 168 168 168 168  168  168
finished successfully.