

##------ Thu Mar 21 23:00:10 2019 ------##


------------ estimating TERGM for: inqwise --------------
Using 4 cores
 t=1 t=2 t=3 t=4 t=5 t=6 t=7 t=8 t=9 t=10 t=11
   1   2   3   4   5   6   7   8   9   10   11
               t=2 t=3 t=4 t=5 t=6 t=7 t=8 t=9 t=10 t=11
nets (row)     310 310 310 310 310 310 310 310  310  310
nets (col)     310 310 310 310 310 310 310 310  310  310
cossim (row)   310 310 310 310 310 310 310 310  310  310
cossim (col)   310 310 310 310 310 310 310 310  310  310
centjoin (row) 310 310 310 310 310 310 310 310  310  310
centjoin (col) 310 310 310 310 310 310 310 310  310  310
shinv (row)    310 310 310 310 310 310 310 310  310  310
shinv (col)    310 310 310 310 310 310 310 310  310  310
mmc (row)      310 310 310 310 310 310 310 310  310  310
mmc (col)      310 310 310 310 310 310 310 310  310  310
memory (row)   310 310 310 310 310 310 310 310  310  310
memory (col)   310 310 310 310 310 310 310 310  310  310
timecov1 (row) 310 310 310 310 310 310 310 310  310  310
timecov1 (col) 310 310 310 310 310 310 310 310  310  310
               t=2 t=3 t=4 t=5 t=6 t=7 t=8 t=9 t=10 t=11
nets (row)     310 310 310 310 310 310 310 310  310  310
nets (col)     310 310 310 310 310 310 310 310  310  310
cossim (row)   310 310 310 310 310 310 310 310  310  310
cossim (col)   310 310 310 310 310 310 310 310  310  310
centjoin (row) 310 310 310 310 310 310 310 310  310  310
centjoin (col) 310 310 310 310 310 310 310 310  310  310
shinv (row)    310 310 310 310 310 310 310 310  310  310
shinv (col)    310 310 310 310 310 310 310 310  310  310
mmc (row)      310 310 310 310 310 310 310 310  310  310
mmc (col)      310 310 310 310 310 310 310 310  310  310
memory (row)   310 310 310 310 310 310 310 310  310  310
memory (col)   310 310 310 310 310 310 310 310  310  310
timecov1 (row) 310 310 310 310 310 310 310 310  310  310
timecov1 (col) 310 310 310 310 310 310 310 310  310  310
