

##------ Fri Feb 22 21:57:21 2019 ------##


------------ estimating TERGM for: surveygizmo --------------
Using 4 cores
 t=1 t=2 t=3 t=4 t=5 t=6 t=7 t=8 t=9 t=10 t=11
   1   2   3   4   5   6   7   8   9   10   11
               t=2 t=3 t=4 t=5 t=6 t=7 t=8 t=9 t=10 t=11
nets (row)     953 953 953 953 953 953 953 953  953  953
nets (col)     953 953 953 953 953 953 953 953  953  953
cossim (row)   953 953 953 953 953 953 953 953  953  953
cossim (col)   953 953 953 953 953 953 953 953  953  953
centjoin (row) 953 953 953 953 953 953 953 953  953  953
centjoin (col) 953 953 953 953 953 953 953 953  953  953
shinv (row)    953 953 953 953 953 953 953 953  953  953
shinv (col)    953 953 953 953 953 953 953 953  953  953
mmc (row)      953 953 953 953 953 953 953 953  953  953
mmc (col)      953 953 953 953 953 953 953 953  953  953
memory (row)   953 953 953 953 953 953 953 953  953  953
memory (col)   953 953 953 953 953 953 953 953  953  953
timecov1 (row) 953 953 953 953 953 953 953 953  953  953
timecov1 (col) 953 953 953 953 953 953 953 953  953  953
               t=2 t=3 t=4 t=5 t=6 t=7 t=8 t=9 t=10 t=11
nets (row)     953 953 953 953 953 953 953 953  953  953
nets (col)     953 953 953 953 953 953 953 953  953  953
cossim (row)   953 953 953 953 953 953 953 953  953  953
cossim (col)   953 953 953 953 953 953 953 953  953  953
centjoin (row) 953 953 953 953 953 953 953 953  953  953
centjoin (col) 953 953 953 953 953 953 953 953  953  953
shinv (row)    953 953 953 953 953 953 953 953  953  953
shinv (col)    953 953 953 953 953 953 953 953  953  953
mmc (row)      953 953 953 953 953 953 953 953  953  953
mmc (col)      953 953 953 953 953 953 953 953  953  953
memory (row)   953 953 953 953 953 953 953 953  953  953
memory (col)   953 953 953 953 953 953 953 953  953  953
timecov1 (row) 953 953 953 953 953 953 953 953  953  953
timecov1 (col) 953 953 953 953 953 953 953 953  953  953


##------ Thu Feb 28 13:53:55 2019 ------##


------------ estimating TERGM for: surveygizmo --------------
Using 4 cores
 t=1 t=2 t=3 t=4 t=5 t=6 t=7 t=8 t=9 t=10 t=11
   1   2   3   4   5   6   7   8   9   10   11
               t=2 t=3 t=4 t=5 t=6 t=7 t=8 t=9 t=10 t=11
nets (row)     953 953 953 953 953 953 953 953  953  953
nets (col)     953 953 953 953 953 953 953 953  953  953
cossim (row)   953 953 953 953 953 953 953 953  953  953
cossim (col)   953 953 953 953 953 953 953 953  953  953
centjoin (row) 953 953 953 953 953 953 953 953  953  953
centjoin (col) 953 953 953 953 953 953 953 953  953  953
shinv (row)    953 953 953 953 953 953 953 953  953  953
shinv (col)    953 953 953 953 953 953 953 953  953  953
mmc (row)      953 953 953 953 953 953 953 953  953  953
mmc (col)      953 953 953 953 953 953 953 953  953  953
memory (row)   953 953 953 953 953 953 953 953  953  953
memory (col)   953 953 953 953 953 953 953 953  953  953
timecov1 (row) 953 953 953 953 953 953 953 953  953  953
timecov1 (col) 953 953 953 953 953 953 953 953  953  953
               t=2 t=3 t=4 t=5 t=6 t=7 t=8 t=9 t=10 t=11
nets (row)     953 953 953 953 953 953 953 953  953  953
nets (col)     953 953 953 953 953 953 953 953  953  953
cossim (row)   953 953 953 953 953 953 953 953  953  953
cossim (col)   953 953 953 953 953 953 953 953  953  953
centjoin (row) 953 953 953 953 953 953 953 953  953  953
centjoin (col) 953 953 953 953 953 953 953 953  953  953
shinv (row)    953 953 953 953 953 953 953 953  953  953
shinv (col)    953 953 953 953 953 953 953 953  953  953
mmc (row)      953 953 953 953 953 953 953 953  953  953
mmc (col)      953 953 953 953 953 953 953 953  953  953
memory (row)   953 953 953 953 953 953 953 953  953  953
memory (col)   953 953 953 953 953 953 953 953  953  953
timecov1 (row) 953 953 953 953 953 953 953 953  953  953
timecov1 (col) 953 953 953 953 953 953 953 953  953  953
finished successfully.