

##------ Fri Aug  3 22:33:49 2018 ------##


------------ estimating TERGM for: abroad101 --------------
Using 20 cores
             t=2 t=3 t=4 t=5 t=6 t=7 t=8 t=9 t=10 t=11
nets (row)   286 286 286 286 286 286 286 286  286  286
nets (col)   286 286 286 286 286 286 286 286  286  286
mmc (row)    286 286 286 286 286 286 286 286  286  286
mmc (col)    286 286 286 286 286 286 286 286  286  286
cpa (row)    286 286 286 286 286 286 286 286  286  286
cpa (col)    286 286 286 286 286 286 286 286  286  286
memory (row) 286 286 286 286 286 286 286 286  286  286
memory (col) 286 286 286 286 286 286 286 286  286  286
             t=2 t=3 t=4 t=5 t=6 t=7 t=8 t=9 t=10 t=11
nets (row)   286 286 286 286 286 286 286 286  286  286
nets (col)   286 286 286 286 286 286 286 286  286  286
mmc (row)    286 286 286 286 286 286 286 286  286  286
mmc (col)    286 286 286 286 286 286 286 286  286  286
cpa (row)    286 286 286 286 286 286 286 286  286  286
cpa (col)    286 286 286 286 286 286 286 286  286  286
memory (row) 286 286 286 286 286 286 286 286  286  286
memory (col) 286 286 286 286 286 286 286 286  286  286
finished successfully.