

##------ Sat Aug  4 00:01:51 2018 ------##


------------ estimating TERGM for: surveyrock --------------
Using 20 cores
             t=2 t=3 t=4 t=5 t=6 t=7 t=8 t=9 t=10 t=11
nets (row)   276 276 276 276 276 276 276 276  276  276
nets (col)   276 276 276 276 276 276 276 276  276  276
mmc (row)    276 276 276 276 276 276 276 276  276  276
mmc (col)    276 276 276 276 276 276 276 276  276  276
cpa (row)    276 276 276 276 276 276 276 276  276  276
cpa (col)    276 276 276 276 276 276 276 276  276  276
memory (row) 276 276 276 276 276 276 276 276  276  276
memory (col) 276 276 276 276 276 276 276 276  276  276
             t=2 t=3 t=4 t=5 t=6 t=7 t=8 t=9 t=10 t=11
nets (row)   276 276 276 276 276 276 276 276  276  276
nets (col)   276 276 276 276 276 276 276 276  276  276
mmc (row)    276 276 276 276 276 276 276 276  276  276
mmc (col)    276 276 276 276 276 276 276 276  276  276
cpa (row)    276 276 276 276 276 276 276 276  276  276
cpa (col)    276 276 276 276 276 276 276 276  276  276
memory (row) 276 276 276 276 276 276 276 276  276  276
memory (col) 276 276 276 276 276 276 276 276  276  276
finished successfully.