

##------ Fri May 25 06:01:51 2018 ------##


------------ estimating TERGM for: empathica --------------
Using 4 cores
             t=2 t=3 t=4 t=5 t=6 t=7 t=8 t=9 t=10 t=11
nets (row)   309 309 309 309 309 309 309 309  309  309
nets (col)   309 309 309 309 309 309 309 309  309  309
mmc (row)    309 309 309 309 309 309 309 309  309  309
mmc (col)    309 309 309 309 309 309 309 309  309  309
cpa (row)    309 309 309 309 309 309 309 309  309  309
cpa (col)    309 309 309 309 309 309 309 309  309  309
memory (row) 309 309 309 309 309 309 309 309  309  309
memory (col) 309 309 309 309 309 309 309 309  309  309
             t=2 t=3 t=4 t=5 t=6 t=7 t=8 t=9 t=10 t=11
nets (row)   309 309 309 309 309 309 309 309  309  309
nets (col)   309 309 309 309 309 309 309 309  309  309
mmc (row)    309 309 309 309 309 309 309 309  309  309
mmc (col)    309 309 309 309 309 309 309 309  309  309
cpa (row)    309 309 309 309 309 309 309 309  309  309
cpa (col)    309 309 309 309 309 309 309 309  309  309
memory (row) 309 309 309 309 309 309 309 309  309  309
memory (col) 309 309 309 309 309 309 309 309  309  309
finished successfully.