

##------ Sat May 26 10:19:54 2018 ------##


------------ estimating TERGM for: userate --------------
Using 4 cores
             t=2 t=3 t=4 t=5 t=6 t=7 t=8 t=9 t=10 t=11
nets (row)   342 342 342 342 342 342 342 342  342  342
nets (col)   342 342 342 342 342 342 342 342  342  342
mmc (row)    342 342 342 342 342 342 342 342  342  342
mmc (col)    342 342 342 342 342 342 342 342  342  342
cpa (row)    342 342 342 342 342 342 342 342  342  342
cpa (col)    342 342 342 342 342 342 342 342  342  342
memory (row) 342 342 342 342 342 342 342 342  342  342
memory (col) 342 342 342 342 342 342 342 342  342  342
             t=2 t=3 t=4 t=5 t=6 t=7 t=8 t=9 t=10 t=11
nets (row)   342 342 342 342 342 342 342 342  342  342
nets (col)   342 342 342 342 342 342 342 342  342  342
mmc (row)    342 342 342 342 342 342 342 342  342  342
mmc (col)    342 342 342 342 342 342 342 342  342  342
cpa (row)    342 342 342 342 342 342 342 342  342  342
cpa (col)    342 342 342 342 342 342 342 342  342  342
memory (row) 342 342 342 342 342 342 342 342  342  342
memory (col) 342 342 342 342 342 342 342 342  342  342
finished successfully.