

##------ Tue Jun 19 15:53:13 2018 ------##


------------ estimating TERGM for: qualtrics --------------
Using 4 cores
             t=2 t=3 t=4 t=5 t=6 t=7 t=8 t=9 t=10 t=11
nets (row)   574 574 574 574 574 574 574 574  574  574
nets (col)   574 574 574 574 574 574 574 574  574  574
mmc (row)      0 574 574 574 574 574 574 574  574  574
mmc (col)      0 574 574 574 574 574 574 574  574  574
cpa (row)    574 574 574 574 574 574 574 574  574  574
cpa (col)    574 574 574 574 574 574 574 574  574  574
memory (row) 574 574 574 574 574 574 574 574  574  574
memory (col) 574 574 574 574 574 574 574 574  574  574


##------ Fri May 25 04:57:45 2018 ------##


------------ estimating TERGM for: qualtrics --------------
Using 4 cores
             t=2 t=3 t=4 t=5 t=6 t=7 t=8 t=9 t=10
nets (row)   574 574 574 574 574 574 574 574  574
nets (col)   574 574 574 574 574 574 574 574  574
mmc (row)    574 574 574 574 574 574 574 574  574
mmc (col)    574 574 574 574 574 574 574 574  574
cpa (row)    574 574 574 574 574 574 574 574  574
cpa (col)    574 574 574 574 574 574 574 574  574
memory (row) 574 574 574 574 574 574 574 574  574
memory (col) 574 574 574 574 574 574 574 574  574
             t=2 t=3 t=4 t=5 t=6 t=7 t=8 t=9 t=10
nets (row)   574 574 574 574 574 574 574 574  574
nets (col)   574 574 574 574 574 574 574 574  574
mmc (row)    574 574 574 574 574 574 574 574  574
mmc (col)    574 574 574 574 574 574 574 574  574
cpa (row)    574 574 574 574 574 574 574 574  574
cpa (col)    574 574 574 574 574 574 574 574  574
memory (row) 574 574 574 574 574 574 574 574  574
memory (col) 574 574 574 574 574 574 574 574  574
             t=2 t=3 t=4 t=5 t=6 t=7 t=8 t=9 t=10
nets (row)   574 574 574 574 574 574 574 574  574
nets (col)   574 574 574 574 574 574 574 574  574
mmc (row)    574 574 574 574 574 574 574 574  574
mmc (col)    574 574 574 574 574 574 574 574  574
cpa (row)    574 574 574 574 574 574 574 574  574
cpa (col)    574 574 574 574 574 574 574 574  574
memory (row) 574 574 574 574 574 574 574 574  574
memory (col) 574 574 574 574 574 574 574 574  574
             t=2 t=3 t=4 t=5 t=6 t=7 t=8 t=9 t=10
nets (row)   574 574 574 574 574 574 574 574  574
nets (col)   574 574 574 574 574 574 574 574  574
mmc (row)    574 574 574 574 574 574 574 574  574
mmc (col)    574 574 574 574 574 574 574 574  574
cpa (row)    574 574 574 574 574 574 574 574  574
cpa (col)    574 574 574 574 574 574 574 574  574
memory (row) 574 574 574 574 574 574 574 574  574
memory (col) 574 574 574 574 574 574 574 574  574


##------ Tue Jun 19 16:46:25 2018 ------##


------------ estimating TERGM for: qualtrics --------------
Using 4 cores
             t=2 t=3 t=4 t=5 t=6 t=7 t=8 t=9 t=10 t=11
nets (row)   574 574 574 574 574 574 574 574  574  574
nets (col)   574 574 574 574 574 574 574 574  574  574
mmc (row)    574 574 574 574 574 574 574 574  574  574
mmc (col)    574 574 574 574 574 574 574 574  574  574
cpa (row)    574 574 574 574 574 574 574 574  574  574
cpa (col)    574 574 574 574 574 574 574 574  574  574
memory (row) 574 574 574 574 574 574 574 574  574  574
memory (col) 574 574 574 574 574 574 574 574  574  574
             t=2 t=3 t=4 t=5 t=6 t=7 t=8 t=9 t=10 t=11
nets (row)   574 574 574 574 574 574 574 574  574  574
nets (col)   574 574 574 574 574 574 574 574  574  574
mmc (row)    574 574 574 574 574 574 574 574  574  574
mmc (col)    574 574 574 574 574 574 574 574  574  574
cpa (row)    574 574 574 574 574 574 574 574  574  574
cpa (col)    574 574 574 574 574 574 574 574  574  574
memory (row) 574 574 574 574 574 574 574 574  574  574
memory (col) 574 574 574 574 574 574 574 574  574  574
finished successfully.

##------ Sat May 26 03:06:25 2018 ------##


------------ estimating TERGM for: qualtrics --------------
Using 4 cores
             t=2 t=3 t=4 t=5 t=6 t=7 t=8 t=9 t=10 t=11
nets (row)   574 574 574 574 574 574 574 574  574  574
nets (col)   574 574 574 574 574 574 574 574  574  574
mmc (row)    574 574 574 574 574 574 574 574  574  574
mmc (col)    574 574 574 574 574 574 574 574  574  574
cpa (row)    574 574 574 574 574 574 574 574  574  574
cpa (col)    574 574 574 574 574 574 574 574  574  574
memory (row) 574 574 574 574 574 574 574 574  574  574
memory (col) 574 574 574 574 574 574 574 574  574  574
             t=2 t=3 t=4 t=5 t=6 t=7 t=8 t=9 t=10 t=11
nets (row)   574 574 574 574 574 574 574 574  574  574
nets (col)   574 574 574 574 574 574 574 574  574  574
mmc (row)    574 574 574 574 574 574 574 574  574  574
mmc (col)    574 574 574 574 574 574 574 574  574  574
cpa (row)    574 574 574 574 574 574 574 574  574  574
cpa (col)    574 574 574 574 574 574 574 574  574  574
memory (row) 574 574 574 574 574 574 574 574  574  574
memory (col) 574 574 574 574 574 574 574 574  574  574
