

##------ Sun Feb 24 12:59:58 2019 ------##

 t=1 t=2 t=3 t=4 t=5 t=6 t=7 t=8 t=9 t=10 t=11
   1   2   3   4   5   6   7   8   9   10   11
               t=2 t=3 t=4 t=5 t=6 t=7 t=8 t=9 t=10 t=11
nets (row)     532 532 532 532 532 532 532 532  532  532
nets (col)     532 532 532 532 532 532 532 532  532  532
cossim (row)   532 532 532 532 532 532 532 532  532  532
cossim (col)   532 532 532 532 532 532 532 532  532  532
centjoin (row) 532 532 532 532 532 532 532 532  532  532
centjoin (col) 532 532 532 532 532 532 532 532  532  532
shinv (row)    532 532 532 532 532 532 532 532  532  532
shinv (col)    532 532 532 532 532 532 532 532  532  532
mmc (row)      532 532 532 532 532 532 532 532  532  532
mmc (col)      532 532 532 532 532 532 532 532  532  532
memory (row)   532 532 532 532 532 532 532 532  532  532
memory (col)   532 532 532 532 532 532 532 532  532  532
timecov1 (row) 532 532 532 532 532 532 532 532  532  532
timecov1 (col) 532 532 532 532 532 532 532 532  532  532
               t=2 t=3 t=4 t=5 t=6 t=7 t=8 t=9 t=10 t=11
nets (row)     532 532 532 532 532 532 532 532  532  532
nets (col)     532 532 532 532 532 532 532 532  532  532
cossim (row)   532 532 532 532 532 532 532 532  532  532
cossim (col)   532 532 532 532 532 532 532 532  532  532
centjoin (row) 532 532 532 532 532 532 532 532  532  532
centjoin (col) 532 532 532 532 532 532 532 532  532  532
shinv (row)    532 532 532 532 532 532 532 532  532  532
shinv (col)    532 532 532 532 532 532 532 532  532  532
mmc (row)      532 532 532 532 532 532 532 532  532  532
mmc (col)      532 532 532 532 532 532 532 532  532  532
memory (row)   532 532 532 532 532 532 532 532  532  532
memory (col)   532 532 532 532 532 532 532 532  532  532
timecov1 (row) 532 532 532 532 532 532 532 532  532  532
timecov1 (col) 532 532 532 532 532 532 532 532  532  532
  Skipping statistic for the following reason: Error in mcfork(): unable to fork, possible reason: Cannot allocate memory
finished successfully.

##------ Sun Feb 24 15:42:47 2019 ------##

 t=1 t=2 t=3 t=4 t=5 t=6 t=7 t=8 t=9 t=10 t=11
   1   2   3   4   5   6   7   8   9   10   11
               t=2 t=3 t=4 t=5 t=6 t=7 t=8 t=9 t=10 t=11
nets (row)     532 532 532 532 532 532 532 532  532  532
nets (col)     532 532 532 532 532 532 532 532  532  532
cossim (row)   532 532 532 532 532 532 532 532  532  532
cossim (col)   532 532 532 532 532 532 532 532  532  532
centjoin (row) 532 532 532 532 532 532 532 532  532  532
centjoin (col) 532 532 532 532 532 532 532 532  532  532
shinv (row)    532 532 532 532 532 532 532 532  532  532
shinv (col)    532 532 532 532 532 532 532 532  532  532
mmc (row)      532 532 532 532 532 532 532 532  532  532
mmc (col)      532 532 532 532 532 532 532 532  532  532
memory (row)   532 532 532 532 532 532 532 532  532  532
memory (col)   532 532 532 532 532 532 532 532  532  532
timecov1 (row) 532 532 532 532 532 532 532 532  532  532
timecov1 (col) 532 532 532 532 532 532 532 532  532  532
               t=2 t=3 t=4 t=5 t=6 t=7 t=8 t=9 t=10 t=11
nets (row)     532 532 532 532 532 532 532 532  532  532
nets (col)     532 532 532 532 532 532 532 532  532  532
cossim (row)   532 532 532 532 532 532 532 532  532  532
cossim (col)   532 532 532 532 532 532 532 532  532  532
centjoin (row) 532 532 532 532 532 532 532 532  532  532
centjoin (col) 532 532 532 532 532 532 532 532  532  532
shinv (row)    532 532 532 532 532 532 532 532  532  532
shinv (col)    532 532 532 532 532 532 532 532  532  532
mmc (row)      532 532 532 532 532 532 532 532  532  532
mmc (col)      532 532 532 532 532 532 532 532  532  532
memory (row)   532 532 532 532 532 532 532 532  532  532
memory (col)   532 532 532 532 532 532 532 532  532  532
timecov1 (row) 532 532 532 532 532 532 532 532  532  532
timecov1 (col) 532 532 532 532 532 532 532 532  532  532


##------ Sat Mar 16 15:18:39 2019 ------##

 t=1 t=2 t=3 t=4 t=5 t=6 t=7 t=8 t=9 t=10 t=11
   1   2   3   4   5   6   7   8   9   10   11
               t=2 t=3 t=4 t=5 t=6 t=7 t=8 t=9 t=10 t=11
nets (row)     532 532 532 532 532 532 532 532  532  532
nets (col)     532 532 532 532 532 532 532 532  532  532
cossim (row)   532 532 532 532 532 532 532 532  532  532
cossim (col)   532 532 532 532 532 532 532 532  532  532
centjoin (row) 532 532 532 532 532 532 532 532  532  532
centjoin (col) 532 532 532 532 532 532 532 532  532  532
shinv (row)    532 532 532 532 532 532 532 532  532  532
shinv (col)    532 532 532 532 532 532 532 532  532  532
mmc (row)      532 532 532 532 532 532 532 532  532  532
mmc (col)      532 532 532 532 532 532 532 532  532  532
memory (row)   532 532 532 532 532 532 532 532  532  532
memory (col)   532 532 532 532 532 532 532 532  532  532
timecov1 (row) 532 532 532 532 532 532 532 532  532  532
timecov1 (col) 532 532 532 532 532 532 532 532  532  532
               t=2 t=3 t=4 t=5 t=6 t=7 t=8 t=9 t=10 t=11
nets (row)     532 532 532 532 532 532 532 532  532  532
nets (col)     532 532 532 532 532 532 532 532  532  532
cossim (row)   532 532 532 532 532 532 532 532  532  532
cossim (col)   532 532 532 532 532 532 532 532  532  532
centjoin (row) 532 532 532 532 532 532 532 532  532  532
centjoin (col) 532 532 532 532 532 532 532 532  532  532
shinv (row)    532 532 532 532 532 532 532 532  532  532
shinv (col)    532 532 532 532 532 532 532 532  532  532
mmc (row)      532 532 532 532 532 532 532 532  532  532
mmc (col)      532 532 532 532 532 532 532 532  532  532
memory (row)   532 532 532 532 532 532 532 532  532  532
memory (col)   532 532 532 532 532 532 532 532  532  532
timecov1 (row) 532 532 532 532 532 532 532 532  532  532
timecov1 (col) 532 532 532 532 532 532 532 532  532  532
