

##------ Mon Mar 18 04:15:32 2019 ------##


------------ estimating TERGM for: typeform --------------
Using 16 cores
 t=1 t=2 t=3 t=4 t=5 t=6 t=7 t=8 t=9 t=10 t=11
   1   2   3   4   5   6   7   8   9   10   11
               t=2 t=3 t=4 t=5 t=6 t=7 t=8 t=9 t=10 t=11
nets (row)     433 433 433 433 433 433 433 433  433  433
nets (col)     433 433 433 433 433 433 433 433  433  433
cossim (row)   433 433 433 433 433 433 433 433  433  433
cossim (col)   433 433 433 433 433 433 433 433  433  433
centjoin (row) 433 433 433 433 433 433 433 433  433  433
centjoin (col) 433 433 433 433 433 433 433 433  433  433
shinv (row)    433 433 433 433 433 433 433 433  433  433
shinv (col)    433 433 433 433 433 433 433 433  433  433
mmc (row)      433 433 433 433 433 433 433 433  433  433
mmc (col)      433 433 433 433 433 433 433 433  433  433
memory (row)   433 433 433 433 433 433 433 433  433  433
memory (col)   433 433 433 433 433 433 433 433  433  433
timecov1 (row) 433 433 433 433 433 433 433 433  433  433
timecov1 (col) 433 433 433 433 433 433 433 433  433  433
               t=2 t=3 t=4 t=5 t=6 t=7 t=8 t=9 t=10 t=11
nets (row)     433 433 433 433 433 433 433 433  433  433
nets (col)     433 433 433 433 433 433 433 433  433  433
cossim (row)   433 433 433 433 433 433 433 433  433  433
cossim (col)   433 433 433 433 433 433 433 433  433  433
centjoin (row) 433 433 433 433 433 433 433 433  433  433
centjoin (col) 433 433 433 433 433 433 433 433  433  433
shinv (row)    433 433 433 433 433 433 433 433  433  433
shinv (col)    433 433 433 433 433 433 433 433  433  433
mmc (row)      433 433 433 433 433 433 433 433  433  433
mmc (col)      433 433 433 433 433 433 433 433  433  433
memory (row)   433 433 433 433 433 433 433 433  433  433
memory (col)   433 433 433 433 433 433 433 433  433  433
timecov1 (row) 433 433 433 433 433 433 433 433  433  433
timecov1 (col) 433 433 433 433 433 433 433 433  433  433
finished successfully.