

##------ Mon Mar 18 04:33:50 2019 ------##


------------ estimating TERGM for: snap-surveys-ltd --------------
Using 16 cores
 t=1 t=2 t=3 t=4 t=5 t=6 t=7 t=8 t=9 t=10 t=11
   1   2   3   4   5   6   7   8   9   10   11
               t=2 t=3 t=4 t=5 t=6 t=7 t=8 t=9 t=10 t=11
nets (row)     454 454 454 454 454 454 454 454  454  454
nets (col)     454 454 454 454 454 454 454 454  454  454
cossim (row)   454 454 454 454 454 454 454 454  454  454
cossim (col)   454 454 454 454 454 454 454 454  454  454
centjoin (row) 454 454 454 454 454 454 454 454  454  454
centjoin (col) 454 454 454 454 454 454 454 454  454  454
shinv (row)    454 454 454 454 454 454 454 454  454  454
shinv (col)    454 454 454 454 454 454 454 454  454  454
mmc (row)      454 454 454 454 454 454 454 454  454  454
mmc (col)      454 454 454 454 454 454 454 454  454  454
memory (row)   454 454 454 454 454 454 454 454  454  454
memory (col)   454 454 454 454 454 454 454 454  454  454
timecov1 (row) 454 454 454 454 454 454 454 454  454  454
timecov1 (col) 454 454 454 454 454 454 454 454  454  454
               t=2 t=3 t=4 t=5 t=6 t=7 t=8 t=9 t=10 t=11
nets (row)     454 454 454 454 454 454 454 454  454  454
nets (col)     454 454 454 454 454 454 454 454  454  454
cossim (row)   454 454 454 454 454 454 454 454  454  454
cossim (col)   454 454 454 454 454 454 454 454  454  454
centjoin (row) 454 454 454 454 454 454 454 454  454  454
centjoin (col) 454 454 454 454 454 454 454 454  454  454
shinv (row)    454 454 454 454 454 454 454 454  454  454
shinv (col)    454 454 454 454 454 454 454 454  454  454
mmc (row)      454 454 454 454 454 454 454 454  454  454
mmc (col)      454 454 454 454 454 454 454 454  454  454
memory (row)   454 454 454 454 454 454 454 454  454  454
memory (col)   454 454 454 454 454 454 454 454  454  454
timecov1 (row) 454 454 454 454 454 454 454 454  454  454
timecov1 (col) 454 454 454 454 454 454 454 454  454  454
finished successfully.