

##------ Mon Mar 18 04:32:02 2019 ------##


------------ estimating TERGM for: leaderamp --------------
Using 16 cores
 t=1 t=2 t=3 t=4 t=5 t=6 t=7 t=8 t=9 t=10 t=11
   1   2   3   4   5   6   7   8   9   10   11
               t=2 t=3 t=4 t=5 t=6 t=7 t=8 t=9 t=10 t=11
nets (row)     193 193 193 193 193 193 193 193  193  193
nets (col)     193 193 193 193 193 193 193 193  193  193
cossim (row)   193 193 193 193 193 193 193 193  193  193
cossim (col)   193 193 193 193 193 193 193 193  193  193
centjoin (row) 193 193 193 193 193 193 193 193  193  193
centjoin (col) 193 193 193 193 193 193 193 193  193  193
shinv (row)    193 193 193 193 193 193 193 193  193  193
shinv (col)    193 193 193 193 193 193 193 193  193  193
mmc (row)      193 193 193 193 193 193 193 193  193  193
mmc (col)      193 193 193 193 193 193 193 193  193  193
memory (row)   193 193 193 193 193 193 193 193  193  193
memory (col)   193 193 193 193 193 193 193 193  193  193
timecov1 (row) 193 193 193 193 193 193 193 193  193  193
timecov1 (col) 193 193 193 193 193 193 193 193  193  193
               t=2 t=3 t=4 t=5 t=6 t=7 t=8 t=9 t=10 t=11
nets (row)     193 193 193 193 193 193 193 193  193  193
nets (col)     193 193 193 193 193 193 193 193  193  193
cossim (row)   193 193 193 193 193 193 193 193  193  193
cossim (col)   193 193 193 193 193 193 193 193  193  193
centjoin (row) 193 193 193 193 193 193 193 193  193  193
centjoin (col) 193 193 193 193 193 193 193 193  193  193
shinv (row)    193 193 193 193 193 193 193 193  193  193
shinv (col)    193 193 193 193 193 193 193 193  193  193
mmc (row)      193 193 193 193 193 193 193 193  193  193
mmc (col)      193 193 193 193 193 193 193 193  193  193
memory (row)   193 193 193 193 193 193 193 193  193  193
memory (col)   193 193 193 193 193 193 193 193  193  193
timecov1 (row) 193 193 193 193 193 193 193 193  193  193
timecov1 (col) 193 193 193 193 193 193 193 193  193  193
finished successfully.