

##------ Mon Mar 18 04:01:58 2019 ------##


------------ estimating TERGM for: feedback-lite --------------
Using 20 cores
 t=1 t=2 t=3 t=4 t=5 t=6 t=7 t=8 t=9 t=10 t=11
   1   2   3   4   5   6   7   8   9   10   11
               t=2 t=3 t=4 t=5 t=6 t=7 t=8 t=9 t=10 t=11
nets (row)     968 968 968 968 968 968 968 968  968  968
nets (col)     968 968 968 968 968 968 968 968  968  968
cossim (row)   968 968 968 968 968 968 968 968  968  968
cossim (col)   968 968 968 968 968 968 968 968  968  968
centjoin (row) 968 968 968 968 968 968 968 968  968  968
centjoin (col) 968 968 968 968 968 968 968 968  968  968
shinv (row)    968 968 968 968 968 968 968 968  968  968
shinv (col)    968 968 968 968 968 968 968 968  968  968
mmc (row)      968 968 968 968 968 968 968 968  968  968
mmc (col)      968 968 968 968 968 968 968 968  968  968
memory (row)   968 968 968 968 968 968 968 968  968  968
memory (col)   968 968 968 968 968 968 968 968  968  968
timecov1 (row) 968 968 968 968 968 968 968 968  968  968
timecov1 (col) 968 968 968 968 968 968 968 968  968  968
               t=2 t=3 t=4 t=5 t=6 t=7 t=8 t=9 t=10 t=11
nets (row)     968 968 968 968 968 968 968 968  968  968
nets (col)     968 968 968 968 968 968 968 968  968  968
cossim (row)   968 968 968 968 968 968 968 968  968  968
cossim (col)   968 968 968 968 968 968 968 968  968  968
centjoin (row) 968 968 968 968 968 968 968 968  968  968
centjoin (col) 968 968 968 968 968 968 968 968  968  968
shinv (row)    968 968 968 968 968 968 968 968  968  968
shinv (col)    968 968 968 968 968 968 968 968  968  968
mmc (row)      968 968 968 968 968 968 968 968  968  968
mmc (col)      968 968 968 968 968 968 968 968  968  968
memory (row)   968 968 968 968 968 968 968 968  968  968
memory (col)   968 968 968 968 968 968 968 968  968  968
timecov1 (row) 968 968 968 968 968 968 968 968  968  968
timecov1 (col) 968 968 968 968 968 968 968 968  968  968
