

##------ Mon Mar 18 00:43:12 2019 ------##


------------ estimating TERGM for: empathica --------------
Using 4 cores
 t=1 t=2 t=3 t=4 t=5 t=6 t=7 t=8 t=9 t=10 t=11
   1   2   3   4   5   6   7   8   9   10   11
               t=2 t=3 t=4 t=5 t=6 t=7 t=8 t=9 t=10 t=11
nets (row)     301 301 301 301 301 301 301 301  301  301
nets (col)     301 301 301 301 301 301 301 301  301  301
cossim (row)   301 301 301 301 301 301 301 301  301  301
cossim (col)   301 301 301 301 301 301 301 301  301  301
centjoin (row) 301 301 301 301 301 301 301 301  301  301
centjoin (col) 301 301 301 301 301 301 301 301  301  301
shinv (row)    301 301 301 301 301 301 301 301  301  301
shinv (col)    301 301 301 301 301 301 301 301  301  301
mmc (row)      301 301 301 301 301 301 301 301  301  301
mmc (col)      301 301 301 301 301 301 301 301  301  301
memory (row)   301 301 301 301 301 301 301 301  301  301
memory (col)   301 301 301 301 301 301 301 301  301  301
timecov1 (row) 301 301 301 301 301 301 301 301  301  301
timecov1 (col) 301 301 301 301 301 301 301 301  301  301
               t=2 t=3 t=4 t=5 t=6 t=7 t=8 t=9 t=10 t=11
nets (row)     301 301 301 301 301 301 301 301  301  301
nets (col)     301 301 301 301 301 301 301 301  301  301
cossim (row)   301 301 301 301 301 301 301 301  301  301
cossim (col)   301 301 301 301 301 301 301 301  301  301
centjoin (row) 301 301 301 301 301 301 301 301  301  301
centjoin (col) 301 301 301 301 301 301 301 301  301  301
shinv (row)    301 301 301 301 301 301 301 301  301  301
shinv (col)    301 301 301 301 301 301 301 301  301  301
mmc (row)      301 301 301 301 301 301 301 301  301  301
mmc (col)      301 301 301 301 301 301 301 301  301  301
memory (row)   301 301 301 301 301 301 301 301  301  301
memory (col)   301 301 301 301 301 301 301 301  301  301
timecov1 (row) 301 301 301 301 301 301 301 301  301  301
timecov1 (col) 301 301 301 301 301 301 301 301  301  301
finished successfully.