

##------ Mon Mar 18 03:50:15 2019 ------##


------------ estimating TERGM for: medallia --------------
Using 24 cores
 t=1 t=2 t=3 t=4 t=5 t=6 t=7 t=8 t=9 t=10 t=11
   1   2   3   4   5   6   7   8   9   10   11
               t=2 t=3 t=4 t=5 t=6 t=7 t=8 t=9 t=10 t=11
nets (row)     463 463 463 463 463 463 463 463  463  463
nets (col)     463 463 463 463 463 463 463 463  463  463
cossim (row)   463 463 463 463 463 463 463 463  463  463
cossim (col)   463 463 463 463 463 463 463 463  463  463
centjoin (row) 463 463 463 463 463 463 463 463  463  463
centjoin (col) 463 463 463 463 463 463 463 463  463  463
shinv (row)    463 463 463 463 463 463 463 463  463  463
shinv (col)    463 463 463 463 463 463 463 463  463  463
mmc (row)      463 463 463 463 463 463 463 463  463  463
mmc (col)      463 463 463 463 463 463 463 463  463  463
memory (row)   463 463 463 463 463 463 463 463  463  463
memory (col)   463 463 463 463 463 463 463 463  463  463
timecov1 (row) 463 463 463 463 463 463 463 463  463  463
timecov1 (col) 463 463 463 463 463 463 463 463  463  463
               t=2 t=3 t=4 t=5 t=6 t=7 t=8 t=9 t=10 t=11
nets (row)     463 463 463 463 463 463 463 463  463  463
nets (col)     463 463 463 463 463 463 463 463  463  463
cossim (row)   463 463 463 463 463 463 463 463  463  463
cossim (col)   463 463 463 463 463 463 463 463  463  463
centjoin (row) 463 463 463 463 463 463 463 463  463  463
centjoin (col) 463 463 463 463 463 463 463 463  463  463
shinv (row)    463 463 463 463 463 463 463 463  463  463
shinv (col)    463 463 463 463 463 463 463 463  463  463
mmc (row)      463 463 463 463 463 463 463 463  463  463
mmc (col)      463 463 463 463 463 463 463 463  463  463
memory (row)   463 463 463 463 463 463 463 463  463  463
memory (col)   463 463 463 463 463 463 463 463  463  463
timecov1 (row) 463 463 463 463 463 463 463 463  463  463
timecov1 (col) 463 463 463 463 463 463 463 463  463  463
