

##------ Mon Mar 18 04:16:29 2019 ------##


------------ estimating TERGM for: first-mile-geo --------------
Using 16 cores
 t=1 t=2 t=3 t=4 t=5 t=6 t=7 t=8 t=9 t=10 t=11
   1   2   3   4   5   6   7   8   9   10   11
               t=2 t=3 t=4 t=5 t=6 t=7 t=8 t=9 t=10 t=11
nets (row)     918 918 918 918 918 918 918 918  918  918
nets (col)     918 918 918 918 918 918 918 918  918  918
cossim (row)   918 918 918 918 918 918 918 918  918  918
cossim (col)   918 918 918 918 918 918 918 918  918  918
centjoin (row) 918 918 918 918 918 918 918 918  918  918
centjoin (col) 918 918 918 918 918 918 918 918  918  918
shinv (row)    918 918 918 918 918 918 918 918  918  918
shinv (col)    918 918 918 918 918 918 918 918  918  918
mmc (row)      918 918 918 918 918 918 918 918  918  918
mmc (col)      918 918 918 918 918 918 918 918  918  918
memory (row)   918 918 918 918 918 918 918 918  918  918
memory (col)   918 918 918 918 918 918 918 918  918  918
timecov1 (row) 918 918 918 918 918 918 918 918  918  918
timecov1 (col) 918 918 918 918 918 918 918 918  918  918
               t=2 t=3 t=4 t=5 t=6 t=7 t=8 t=9 t=10 t=11
nets (row)     918 918 918 918 918 918 918 918  918  918
nets (col)     918 918 918 918 918 918 918 918  918  918
cossim (row)   918 918 918 918 918 918 918 918  918  918
cossim (col)   918 918 918 918 918 918 918 918  918  918
centjoin (row) 918 918 918 918 918 918 918 918  918  918
centjoin (col) 918 918 918 918 918 918 918 918  918  918
shinv (row)    918 918 918 918 918 918 918 918  918  918
shinv (col)    918 918 918 918 918 918 918 918  918  918
mmc (row)      918 918 918 918 918 918 918 918  918  918
mmc (col)      918 918 918 918 918 918 918 918  918  918
memory (row)   918 918 918 918 918 918 918 918  918  918
memory (col)   918 918 918 918 918 918 918 918  918  918
timecov1 (row) 918 918 918 918 918 918 918 918  918  918
timecov1 (col) 918 918 918 918 918 918 918 918  918  918
