

##------ Fri Aug  3 22:49:40 2018 ------##


------------ estimating TERGM for: feedback-lite --------------
Using 24 cores
              t=2  t=3  t=4  t=5  t=6  t=7  t=8  t=9 t=10 t=11
nets (row)   1012 1012 1012 1012 1012 1012 1012 1012 1012 1012
nets (col)   1012 1012 1012 1012 1012 1012 1012 1012 1012 1012
mmc (row)    1012 1012 1012 1012 1012 1012 1012 1012 1012 1012
mmc (col)    1012 1012 1012 1012 1012 1012 1012 1012 1012 1012
cpa (row)    1012 1012 1012 1012 1012 1012 1012 1012 1012 1012
cpa (col)    1012 1012 1012 1012 1012 1012 1012 1012 1012 1012
memory (row) 1012 1012 1012 1012 1012 1012 1012 1012 1012 1012
memory (col) 1012 1012 1012 1012 1012 1012 1012 1012 1012 1012
              t=2  t=3  t=4  t=5  t=6  t=7  t=8  t=9 t=10 t=11
nets (row)   1012 1012 1012 1012 1012 1012 1012 1012 1012 1012
nets (col)   1012 1012 1012 1012 1012 1012 1012 1012 1012 1012
mmc (row)    1012 1012 1012 1012 1012 1012 1012 1012 1012 1012
mmc (col)    1012 1012 1012 1012 1012 1012 1012 1012 1012 1012
cpa (row)    1012 1012 1012 1012 1012 1012 1012 1012 1012 1012
cpa (col)    1012 1012 1012 1012 1012 1012 1012 1012 1012 1012
memory (row) 1012 1012 1012 1012 1012 1012 1012 1012 1012 1012
memory (col) 1012 1012 1012 1012 1012 1012 1012 1012 1012 1012
finished successfully.