

##------ Fri Jun 22 23:12:53 2018 ------##


------------ estimating TERGM for: super-simple-survey --------------
Using 4 cores
             t=2 t=3 t=4 t=5 t=6 t=7 t=8 t=9 t=10 t=11
nets (row)   297 297 297 297 297 297 297 297  297  297
nets (col)   297 297 297 297 297 297 297 297  297  297
mmc (row)    297 297 297 297 297 297 297 297  297  297
mmc (col)    297 297 297 297 297 297 297 297  297  297
cpa (row)    297 297 297 297 297 297 297 297  297  297
cpa (col)    297 297 297 297 297 297 297 297  297  297
memory (row) 297 297 297 297 297 297 297 297  297  297
memory (col) 297 297 297 297 297 297 297 297  297  297
             t=2 t=3 t=4 t=5 t=6 t=7 t=8 t=9 t=10 t=11
nets (row)   297 297 297 297 297 297 297 297  297  297
nets (col)   297 297 297 297 297 297 297 297  297  297
mmc (row)    297 297 297 297 297 297 297 297  297  297
mmc (col)    297 297 297 297 297 297 297 297  297  297
cpa (row)    297 297 297 297 297 297 297 297  297  297
cpa (col)    297 297 297 297 297 297 297 297  297  297
memory (row) 297 297 297 297 297 297 297 297  297  297
memory (col) 297 297 297 297 297 297 297 297  297  297
finished successfully.