

##------ Fri Jun  1 03:23:23 2018 ------##


------------ estimating TERGM for: surveyrock --------------
Using 4 cores
             t=2 t=3 t=4 t=5 t=6 t=7 t=8 t=9 t=10 t=11
nets (row)   276 276 276 276 276 276 276 276  276  276
nets (col)   276 276 276 276 276 276 276 276  276  276
mmc (row)    276 276 276 276 276 276 276 276  276  276
mmc (col)    276 276 276 276 276 276 276 276  276  276
cpa (row)    276 276 276 276 276 276 276 276  276  276
cpa (col)    276 276 276 276 276 276 276 276  276  276
memory (row) 276 276 276 276 276 276 276 276  276  276
memory (col) 276 276 276 276 276 276 276 276  276  276
             t=2 t=3 t=4 t=5 t=6 t=7 t=8 t=9 t=10 t=11
nets (row)   276 276 276 276 276 276 276 276  276  276
nets (col)   276 276 276 276 276 276 276 276  276  276
mmc (row)    276 276 276 276 276 276 276 276  276  276
mmc (col)    276 276 276 276 276 276 276 276  276  276
cpa (row)    276 276 276 276 276 276 276 276  276  276
cpa (col)    276 276 276 276 276 276 276 276  276  276
memory (row) 276 276 276 276 276 276 276 276  276  276
memory (col) 276 276 276 276 276 276 276 276  276  276


##------ Wed Jun 20 22:23:55 2018 ------##


------------ estimating TERGM for: surveyrock --------------
Using 4 cores
             t=2 t=3 t=4 t=5 t=6 t=7 t=8 t=9 t=10 t=11
nets (row)   276 276 276 276 276 276 276 276  276  276
nets (col)   276 276 276 276 276 276 276 276  276  276
mmc (row)    276 276 276 276 276 276 276 276  276  276
mmc (col)    276 276 276 276 276 276 276 276  276  276
cpa (row)    276 276 276 276 276 276 276 276  276  276
cpa (col)    276 276 276 276 276 276 276 276  276  276
memory (row) 276 276 276 276 276 276 276 276  276  276
memory (col) 276 276 276 276 276 276 276 276  276  276
             t=2 t=3 t=4 t=5 t=6 t=7 t=8 t=9 t=10 t=11
nets (row)   276 276 276 276 276 276 276 276  276  276
nets (col)   276 276 276 276 276 276 276 276  276  276
mmc (row)    276 276 276 276 276 276 276 276  276  276
mmc (col)    276 276 276 276 276 276 276 276  276  276
cpa (row)    276 276 276 276 276 276 276 276  276  276
cpa (col)    276 276 276 276 276 276 276 276  276  276
memory (row) 276 276 276 276 276 276 276 276  276  276
memory (col) 276 276 276 276 276 276 276 276  276  276


##------ Sat May 26 11:24:08 2018 ------##


------------ estimating TERGM for: surveyrock --------------
Using 4 cores
             t=2 t=3 t=4 t=5 t=6 t=7 t=8 t=9 t=10 t=11
nets (row)   276 276 276 276 276 276 276 276  276  276
nets (col)   276 276 276 276 276 276 276 276  276  276
mmc (row)    276 276 276 276 276 276 276 276  276  276
mmc (col)    276 276 276 276 276 276 276 276  276  276
cpa (row)    276 276 276 276 276 276 276 276  276  276
cpa (col)    276 276 276 276 276 276 276 276  276  276
memory (row) 276 276 276 276 276 276 276 276  276  276
memory (col) 276 276 276 276 276 276 276 276  276  276
             t=2 t=3 t=4 t=5 t=6 t=7 t=8 t=9 t=10 t=11
nets (row)   276 276 276 276 276 276 276 276  276  276
nets (col)   276 276 276 276 276 276 276 276  276  276
mmc (row)    276 276 276 276 276 276 276 276  276  276
mmc (col)    276 276 276 276 276 276 276 276  276  276
cpa (row)    276 276 276 276 276 276 276 276  276  276
cpa (col)    276 276 276 276 276 276 276 276  276  276
memory (row) 276 276 276 276 276 276 276 276  276  276
memory (col) 276 276 276 276 276 276 276 276  276  276
finished successfully.