Dyad-wise shared partners

   obs: mean median    min    max  sim: mean median    min    max    Pr(>z)    
0   204330.0 200098 192858 225126 203164.680 194057 176956 224788 0.8593107    
1    17038.4  20862     24  25688  17584.884  25452    362  36306 0.9161083    
2     2874.8   3114      0   5042   3379.460   4147      0  11072 0.6453892    
3      542.4    638      0    920    676.544    644      0   2374 0.5105580    
4      188.0    238      0    330    183.756    142      0    528 0.9548674    
5       82.0     82      0    152     74.172     50      0    234 0.8169420    
6       21.2     24      0     38     23.100     24      0     74 0.8230216    
7       20.8     30      0     32     15.948     20      0     46 0.4882034    
8       14.0     20      0     24     11.124     10      0     40 0.6213864    
9       10.8     14      0     18     10.460      6      0     32 0.9253475    
10       8.4      8      0     18      6.660      2      0     26 0.6729750    
11       4.8      4      0     10      4.968      2      0     20 0.9442173    
12       3.2      0      0      8      3.252      1      0     16 0.9801671    
13       2.4      2      0      4      1.964      0      0     14 0.5950971    
14       1.6      2      0      2      1.788      0      0     12 0.6733805    
15       0.0      0      0      0      0.668      0      0      6 < 2.2e-16 ***
16       2.0      2      0      4      0.604      0      0      6 0.1937483    
17       0.8      0      0      2      0.356      0      0      4 0.4167624    
18       0.8      0      0      2      0.584      0      0      6 0.6833149    
19       0.0      0      0      0      0.268      0      0      4 1.556e-15 ***
20       0.4      0      0      2      0.144      0      0      4 0.5574260    
21       0.4      0      0      2      0.264      0      0      4 0.7514720    
22       0.0      0      0      0      0.328      0      0      4 < 2.2e-16 ***
23       0.0      0      0      0      0.168      0      0      4 6.873e-10 ***
24       0.0      0      0      0      0.192      0      0      4 2.763e-10 ***
25       0.0      0      0      0      0.292      0      0      4 6.951e-16 ***
26       0.8      0      0      2      0.308      0      0      4 0.3726414    
27       0.4      0      0      2      0.260      0      0      4 0.7445777    
28       0.0      0      0      0      0.120      0      0      2 2.795e-08 ***
29       0.8      0      0      2      0.284      0      0      4 0.3521112    
30       0.0      0      0      0      0.156      0      0      4 5.674e-10 ***
31       0.0      0      0      0      0.068      0      0      2 3.288e-05 ***
32       0.0      0      0      0      0.124      0      0      2 1.617e-08 ***
33       0.0      0      0      0      0.128      0      0      4 2.621e-08 ***
34       0.0      0      0      0      0.088      0      0      4 2.815e-05 ***
35       0.8      0      0      2      0.180      0      0      4 0.2746072    
36       0.0      0      0      0      0.152      0      0      4 5.974e-09 ***
37       0.0      0      0      0      0.144      0      0      4 2.947e-09 ***
38       0.0      0      0      0      0.092      0      0      2 1.265e-06 ***
39       0.0      0      0      0      0.104      0      0      4 6.800e-07 ***
40       0.0      0      0      0      0.128      0      0      4 2.621e-08 ***
41       0.0      0      0      0      0.108      0      0      4 3.958e-07 ***
42       0.0      0      0      0      0.052      0      0      2 0.0002902 ***
43       0.0      0      0      0      0.012      0      0      2 0.0832639 .  
44       0.0      0      0      0      0.016      0      0      2 0.0453913 *  
45       0.0      0      0      0      0.048      0      0      2 0.0005015 ***
46       0.0      0      0      0      0.056      0      0      2 0.0001682 ***
47       0.0      0      0      0      0.072      0      0      2 1.910e-05 ***
48       0.0      0      0      0      0.112      0      0      2 8.328e-08 ***
49       0.0      0      0      0      0.028      0      0      2 0.0080230 ** 
50       0.0      0      0      0      0.076      0      0      2 1.110e-05 ***
51       0.0      0      0      0      0.036      0      0      2 0.0026201 ** 
52       0.0      0      0      0      0.056      0      0      2 0.0001682 ***
53       0.0      0      0      0      0.028      0      0      2 0.0080230 ** 
54       0.0      0      0      0      0.028      0      0      2 0.0080230 ** 
55       0.0      0      0      0      0.040      0      0      2 0.0015062 ** 
56       0.0      0      0      0      0.024      0      0      2 0.0141592 *  
57       0.0      0      0      0      0.056      0      0      2 0.0001682 ***
58       0.0      0      0      0      0.024      0      0      2 0.0141592 *  
59       0.0      0      0      0      0.048      0      0      2 0.0005015 ***
60       0.0      0      0      0      0.012      0      0      2 0.0832639 .  
61       0.0      0      0      0      0.012      0      0      2 0.0832639 .  
62       0.0      0      0      0      0.016      0      0      2 0.0453913 *  
63       0.0      0      0      0      0.012      0      0      2 0.0832639 .  
64       0.0      0      0      0      0.028      0      0      2 0.0080230 ** 
65       0.0      0      0      0      0.004      0      0      2 0.3177952    
66       0.0      0      0      0      0.000      0      0      0 1.0000000    
67       0.0      0      0      0      0.004      0      0      2 0.3177952    
68       0.0      0      0      0      0.012      0      0      2 0.0832639 .  
69       0.0      0      0      0      0.000      0      0      0 1.0000000    
70       0.0      0      0      0      0.004      0      0      2 0.3177952    
71       0.0      0      0      0      0.012      0      0      2 0.0832639 .  
72       0.0      0      0      0      0.000      0      0      0 1.0000000    

Note: Small p-values indicate a significant difference 
      between simulations and observed network(s).

Edge-wise shared partners

   obs: mean median min max sim: mean median min max    Pr(>z)    
0      554.8    658  34 746   565.760    701 242 914 0.9375934    
1      378.4    448   0 562   373.640    522   0 844 0.9660356    
2      251.2    330   0 408   222.320    254   0 506 0.7458919    
3      130.8    164   0 210   117.520    122   0 284 0.7660624    
4       66.8     88   0 116    63.896     54   0 170 0.9136464    
5       41.2     46   0  72    40.048     34   0 130 0.9411438    
6       15.2     14   0  28    17.160     20   0  58 0.7487375    
7       13.6     20   0  22    12.012     14   0  34 0.7399630    
8       10.4     16   0  18     8.080      8   0  32 0.6158905    
9        7.2     10   0  14     8.204      5   0  30 0.7263606    
10       7.2      4   0  16     5.792      0   0  24 0.7212090    
11       3.6      2   0   8     4.072      2   0  16 0.8104249    
12       2.4      0   0   6     2.424      0   0  12 0.9877980    
13       1.6      2   0   2     1.612      0   0  12 0.9781654    
14       1.2      2   0   2     1.572      0   0  10 0.4964484    
15       0.0      0   0   0     0.624      0   0   6 < 2.2e-16 ***
16       1.2      2   0   2     0.392      0   0   4 0.1746053    
17       0.8      0   0   2     0.260      0   0   2 0.3325778    
18       0.8      0   0   2     0.492      0   0   4 0.5646429    
19       0.0      0   0   0     0.200      0   0   2 4.253e-13 ***
20       0.4      0   0   2     0.108      0   0   2 0.5061615    
21       0.4      0   0   2     0.212      0   0   2 0.6633452    
22       0.0      0   0   0     0.260      0   0   4 2.448e-16 ***
23       0.0      0   0   0     0.104      0   0   2 2.476e-07 ***
24       0.0      0   0   0     0.152      0   0   4 2.670e-08 ***
25       0.0      0   0   0     0.284      0   0   4 2.131e-15 ***
26       0.8      0   0   2     0.308      0   0   4 0.3726414    
27       0.0      0   0   0     0.260      0   0   4 1.169e-14 ***
28       0.0      0   0   0     0.100      0   0   2 4.267e-07 ***
29       0.8      0   0   2     0.268      0   0   4 0.3390140    
30       0.0      0   0   0     0.140      0   0   4 5.095e-09 ***
31       0.0      0   0   0     0.044      0   0   2 0.0008682 ***
32       0.0      0   0   0     0.072      0   0   2 1.910e-05 ***
33       0.0      0   0   0     0.092      0   0   4 3.436e-06 ***
34       0.0      0   0   0     0.056      0   0   4 0.0016821 ** 
35       0.0      0   0   0     0.068      0   0   4 0.0001915 ***
36       0.0      0   0   0     0.072      0   0   2 1.910e-05 ***
37       0.0      0   0   0     0.088      0   0   2 2.178e-06 ***
38       0.0      0   0   0     0.056      0   0   2 0.0001682 ***
39       0.0      0   0   0     0.084      0   0   4 1.010e-05 ***
40       0.0      0   0   0     0.116      0   0   4 1.339e-07 ***
41       0.0      0   0   0     0.084      0   0   2 3.748e-06 ***
42       0.0      0   0   0     0.048      0   0   2 0.0005015 ***
43       0.0      0   0   0     0.008      0   0   2 0.1575069    
44       0.0      0   0   0     0.012      0   0   2 0.0832639 .  
45       0.0      0   0   0     0.036      0   0   2 0.0026201 ** 
46       0.0      0   0   0     0.056      0   0   2 0.0001682 ***
47       0.0      0   0   0     0.048      0   0   2 0.0005015 ***
48       0.0      0   0   0     0.076      0   0   2 1.110e-05 ***
49       0.0      0   0   0     0.024      0   0   2 0.0141592 *  
50       0.0      0   0   0     0.052      0   0   2 0.0002902 ***
51       0.0      0   0   0     0.024      0   0   2 0.0141592 *  
52       0.0      0   0   0     0.040      0   0   2 0.0015062 ** 
53       0.0      0   0   0     0.024      0   0   2 0.0141592 *  
54       0.0      0   0   0     0.028      0   0   2 0.0080230 ** 
55       0.0      0   0   0     0.040      0   0   2 0.0015062 ** 
56       0.0      0   0   0     0.024      0   0   2 0.0141592 *  
57       0.0      0   0   0     0.056      0   0   2 0.0001682 ***
58       0.0      0   0   0     0.024      0   0   2 0.0141592 *  
59       0.0      0   0   0     0.048      0   0   2 0.0005015 ***
60       0.0      0   0   0     0.012      0   0   2 0.0832639 .  
61       0.0      0   0   0     0.004      0   0   2 0.3177952    
62       0.0      0   0   0     0.000      0   0   0 1.0000000    
63       0.0      0   0   0     0.012      0   0   2 0.0832639 .  
64       0.0      0   0   0     0.028      0   0   2 0.0080230 ** 
65       0.0      0   0   0     0.004      0   0   2 0.3177952    
66       0.0      0   0   0     0.000      0   0   0 1.0000000    
67       0.0      0   0   0     0.004      0   0   2 0.3177952    
68       0.0      0   0   0     0.012      0   0   2 0.0832639 .  
69       0.0      0   0   0     0.000      0   0   0 1.0000000    
70       0.0      0   0   0     0.004      0   0   2 0.3177952    
71       0.0      0   0   0     0.012      0   0   2 0.0832639 .  
72       0.0      0   0   0     0.000      0   0   0 1.0000000    

Note: Small p-values indicate a significant difference 
      between simulations and observed network(s).

Degree

    obs: mean median min max sim: mean median min max    Pr(>z)    
0       118.8     32   7 450   126.768   58.0   1 316 0.9294427    
1       125.4    140  19 168   113.044  112.0  55 183 0.6734292    
2        79.6     97   3 111    78.638   98.0  15 126 0.9642104    
3        46.4     52   3  69    50.502   65.0   1 105 0.7531845    
4        28.8     36   0  39    31.450   42.0   0  74 0.7378080    
5        15.0     20   0  23    18.416   23.5   0  43 0.4719311    
6        12.4     14   0  19    12.654   15.0   0  34 0.9464175    
7         8.2      8   0  13     7.866    9.0   0  24 0.8917267    
8         6.6      9   0  11     5.480    5.0   0  18 0.6324438    
9         3.4      2   0   7     3.848    4.0   0  14 0.7537055    
10        3.6      4   0   6     2.852    3.0   0  12 0.5574201    
11        3.4      4   0   5     2.736    3.0   0   9 0.5152801    
12        2.4      3   0   5     2.402    2.0   0  10 0.9982888    
13        1.2      1   0   2     1.950    2.0   0   8 0.1155152    
14        2.6      4   0   4     1.752    1.0   0   7 0.3866888    
15        3.0      4   0   4     1.604    1.0   0   6 0.1459713    
16        1.0      1   0   2     1.414    1.0   0   7 0.4100917    
17        0.8      0   0   2     1.042    1.0   0   6 0.6487523    
18        1.2      1   0   2     1.096    1.0   0   7 0.7968344    
19        1.0      1   0   2     0.938    0.0   0   5 0.8556116    
20        1.2      1   0   2     0.824    0.0   0   5 0.3736218    
21        1.0      1   0   3     0.706    0.0   0   4 0.6205137    
22        0.8      1   0   2     0.710    0.0   0   5 0.8225813    
23        0.0      0   0   0     0.636    0.0   0   4 < 2.2e-16 ***
24        1.2      1   0   3     0.316    0.0   0   4 0.2041876    
25        0.2      0   0   1     0.438    0.0   0   3 0.3022843    
26        0.6      0   0   2     0.414    0.0   0   4 0.6669402    
27        0.2      0   0   1     0.264    0.0   0   5 0.7665524    
28        0.6      1   0   1     0.194    0.0   0   3 0.1729849    
29        0.0      0   0   0     0.130    0.0   0   3 5.020e-13 ***
30        0.2      0   0   1     0.122    0.0   0   2 0.7170203    
31        0.6      1   0   1     0.098    0.0   0   2 0.1097237    
32        0.0      0   0   0     0.086    0.0   0   2 3.991e-10 ***
33        0.0      0   0   0     0.090    0.0   0   2 2.052e-11 ***
34        0.2      0   0   1     0.116    0.0   0   2 0.6966001    
35        0.0      0   0   0     0.100    0.0   0   2 2.031e-11 ***
36        0.0      0   0   0     0.104    0.0   0   2 4.079e-13 ***
37        0.0      0   0   0     0.118    0.0   0   2 5.691e-14 ***
38        0.0      0   0   0     0.092    0.0   0   1 4.027e-12 ***
39        0.0      0   0   0     0.100    0.0   0   2 3.412e-12 ***
40        0.0      0   0   0     0.074    0.0   0   2 4.365e-09 ***
41        0.0      0   0   0     0.052    0.0   0   2 6.800e-07 ***
42        0.2      0   0   1     0.044    0.0   0   2 0.4792767    
43        0.0      0   0   0     0.050    0.0   0   1 4.267e-07 ***
44        0.0      0   0   0     0.052    0.0   0   2 1.630e-06 ***
45        0.2      0   0   1     0.040    0.0   0   1 0.4687640    
46        0.0      0   0   0     0.044    0.0   0   1 2.178e-06 ***
47        0.4      0   0   1     0.044    0.0   0   1 0.2198599    
48        0.0      0   0   0     0.054    0.0   0   2 3.958e-07 ***
49        0.2      0   0   1     0.028    0.0   0   1 0.4384441    
50        0.0      0   0   0     0.038    0.0   0   1 1.110e-05 ***
51        0.0      0   0   0     0.042    0.0   0   1 3.748e-06 ***
52        0.0      0   0   0     0.070    0.0   0   2 5.095e-09 ***
53        0.0      0   0   0     0.092    0.0   0   2 1.176e-11 ***
54        0.0      0   0   0     0.136    0.0   0   3 5.041e-14 ***
55        0.4      0   0   1     0.118    0.0   0   2 0.3141435    
56        0.2      0   0   1     0.112    0.0   0   3 0.6833685    
57        0.4      0   0   1     0.060    0.0   0   2 0.2375635    
58        0.0      0   0   0     0.066    0.0   0   2 1.519e-08 ***
59        0.0      0   0   0     0.062    0.0   0   2 1.120e-07 ***
60        0.0      0   0   0     0.066    0.0   0   2 1.519e-08 ***
61        0.0      0   0   0     0.044    0.0   0   1 2.178e-06 ***
62        0.0      0   0   0     0.034    0.0   0   2 8.697e-05 ***
63        0.0      0   0   0     0.044    0.0   0   1 2.178e-06 ***
64        0.0      0   0   0     0.040    0.0   0   1 6.450e-06 ***
65        0.0      0   0   0     0.048    0.0   0   1 7.349e-07 ***
66        0.0      0   0   0     0.050    0.0   0   1 4.267e-07 ***
67        0.2      0   0   1     0.020    0.0   0   1 0.4191213    
68        0.0      0   0   0     0.008    0.0   0   1 0.0453913 *  
69        0.0      0   0   0     0.012    0.0   0   1 0.0141592 *  
70        0.0      0   0   0     0.006    0.0   0   1 0.0832639 .  
71        0.2      0   0   1     0.014    0.0   0   1 0.4050946    
72        0.0      0   0   0     0.016    0.0   0   1 0.0045743 ** 
73        0.0      0   0   0     0.036    0.0   0   1 1.910e-05 ***
74        0.0      0   0   0     0.036    0.0   0   1 1.910e-05 ***
75        0.0      0   0   0     0.052    0.0   0   1 2.476e-07 ***
76        0.0      0   0   0     0.040    0.0   0   1 6.450e-06 ***
77        0.0      0   0   0     0.044    0.0   0   1 2.178e-06 ***
78        0.0      0   0   0     0.028    0.0   0   1 0.0001682 ***
79        0.4      0   0   1     0.028    0.0   0   1 0.2034986    
80        0.0      0   0   0     0.010    0.0   0   1 0.0251999 *  
81        0.0      0   0   0     0.010    0.0   0   1 0.0251999 *  
82        0.0      0   0   0     0.016    0.0   0   1 0.0045743 ** 
83        0.0      0   0   0     0.010    0.0   0   1 0.0251999 *  
84        0.0      0   0   0     0.012    0.0   0   1 0.0141592 *  
85        0.0      0   0   0     0.014    0.0   0   1 0.0080230 ** 
86        0.0      0   0   0     0.022    0.0   0   1 0.0008682 ***
87        0.0      0   0   0     0.026    0.0   0   1 0.0002902 ***
88        0.0      0   0   0     0.026    0.0   0   1 0.0002902 ***
89        0.0      0   0   0     0.018    0.0   0   1 0.0026201 ** 
90        0.0      0   0   0     0.026    0.0   0   1 0.0002902 ***
91        0.0      0   0   0     0.008    0.0   0   1 0.0453913 *  
92        0.0      0   0   0     0.002    0.0   0   1 0.3177952    
93        0.0      0   0   0     0.006    0.0   0   1 0.0832639 .  
94        0.0      0   0   0     0.008    0.0   0   1 0.0453913 *  
95        0.0      0   0   0     0.004    0.0   0   1 0.1575069    
96        0.0      0   0   0     0.022    0.0   0   1 0.0008682 ***
97        0.0      0   0   0     0.022    0.0   0   1 0.0008682 ***
98        0.0      0   0   0     0.020    0.0   0   1 0.0015062 ** 
99        0.2      0   0   1     0.010    0.0   0   1 0.3959638    
 [ reached getOption("max.print") -- omitted 56 rows ]

Note: Small p-values indicate a significant difference 
      between simulations and observed network(s).

Geodesic distances

    obs: mean median  min    max  sim: mean median min    max    Pr(>z)    
1      1490.8   1842   34   2146   1449.868   1810 246   2684 0.9229001    
2     19884.0  23894   24  30804  21101.212  29740 356  46456 0.8460142    
3     25470.4  33190   16  38530  40622.404  56564 280  87090 0.1115213    
4     44121.2  54448    4  67788  44239.680  56591 158  95482 0.9931396    
5     44249.6  56758    0  62966  12153.876  12809  98  34596 0.0542281 .  
6     16842.8  16580    0  26966   1784.396   1197  48   7466 0.0328826 *  
7      2176.4      0    0   9564    410.916    263   0   2104 0.3973110    
8       346.8      0    0   1724    220.836     19   0   1388 0.7331552    
9        29.6      0    0    148    143.656      0   0   1030 0.0146571 *  
10        1.2      0    0      6     93.900      0   0    978 < 2.2e-16 ***
11        0.0      0    0      0     57.848      0   0    760 < 2.2e-16 ***
12        0.0      0    0      0     34.652      0   0    610 < 2.2e-16 ***
13        0.0      0    0      0     20.488      0   0    540 8.830e-12 ***
14        0.0      0    0      0     12.008      0   0    452 8.020e-08 ***
15        0.0      0    0      0      6.852      0   0    418 1.501e-05 ***
16        0.0      0    0      0      3.600      0   0    338 0.0004297 ***
17        0.0      0    0      0      1.916      0   0    340 0.0128375 *  
18        0.0      0    0      0      0.984      0   0    214 0.0374690 *  
19        0.0      0    0      0      0.460      0   0    134 0.0978507 .  
20        0.0      0    0      0      0.276      0   0    114 0.2287153    
21        0.0      0    0      0      0.072      0   0     36 0.3177952    
22        0.0      0    0      0      0.040      0   0     20 0.3177952    
23        0.0      0    0      0      0.024      0   0     12 0.3177952    
24        0.0      0    0      0      0.000      0   0      0 1.0000000    
Inf   70537.2  29344 6594 225072 102790.036  54993 948 223850 0.4780541    

Note: Small p-values indicate a significant difference 
      between simulations and observed network(s).



  ROC model ROC random   PR model    PR random
1 0.9012318  0.4926349 0.61795053 0.0001417256
2 0.5976686  0.4945421 0.04979701 0.0057101644
3 0.9030907  0.4880877 0.76698073 0.0078220718
4 0.9459947  0.4972550 0.91542729 0.0094809394
5 0.9999714  0.5241044 0.99422987 0.0103010001

Modularity (walktrap)

Observed:
   Min. 1st Qu.  Median    Mean 3rd Qu.    Max. 
 0.6975  0.6984  0.7018  0.7192  0.7074  0.7907 

Simulated:
   Min. 1st Qu.  Median    Mean 3rd Qu.    Max. 
 0.5269  0.5990  0.6241  0.7074  0.8665  0.9296 
> 