
============================================================================================================================================================================================================================================================================
                          satmetrix                    empathica                    confirmit                    clarabridge                                medallia                                                 qualtrics                                              
----------------------------------------------------------------------------------------------------------------------------------------------------------------------------------------------------------------------------------------------------------------------------
edges                        -11.66 [-13.47; -6.87] *     -11.69 [-12.44; -9.61] *     -11.44 [-12.68; -7.99] *     -11.34 [              -12.11; -6.01] *     -13.26 [-3484196755930244.50;               -9.02] *      -7.88 [-2958595964363175.50;               -3.45] *
gwesp.fixed.0                  0.21 [  0.10;  0.23] *       0.14 [  0.01;  0.18] *       0.01 [ -0.09;  0.02]        -0.14 [               -0.28; -0.11] *      -0.05 [-2884150256328508.50;               -0.05] *       0.26 [-1529070106675186.25;                0.28]  
cycle3                         0.74 [  0.66;  0.88] *       0.62 [  0.57;  0.80] *       0.76 [  0.73;  0.90] *       0.46 [                0.44;  0.50] *       0.74 [                0.71; 4809221502962994.00] *       0.66 [                0.64; 3612971490556018.00] *
cycle4                         0.08 [  0.07;  0.09] *       0.08 [  0.07;  0.10] *       0.09 [  0.08;  0.11] *       0.07 [                0.06;  0.08] *       0.08 [                0.07;  269580637222776.75] *       0.20 [ -165104589341383.56;                0.23]  
cycle5                        -0.03 [ -0.04; -0.02] *      -0.02 [ -0.04; -0.02] *      -0.02 [ -0.03; -0.02] *      -0.01 [               -0.01; -0.00] *      -0.03 [-2120950608752828.00;               -0.03] *      -0.04 [ -205534604543063.56;               -0.04] *
cycle6                         0.00 [ -0.00;  0.00]        -0.00 [ -0.00;  0.00]         0.00 [  0.00;  0.00] *      -0.00 [               -0.00; -0.00] *       0.00 [ -954061891603010.38;                0.00]         0.00 [ -257708196944226.91;                0.00]  
nodematch.state_code          -0.15 [ -0.20; -0.09] *      -0.26 [ -0.36; -0.13] *      -0.14 [ -0.16; -0.12] *      -0.18 [               -0.23; -0.10] *      -0.13 [  -37343106039300.50;               -0.06] *      -0.07 [               -0.09;   54931013832892.12]  
nodecov.age                    0.01 [  0.01;  0.01] *       0.01 [  0.01;  0.02] *       0.01 [  0.01;  0.01] *       0.02 [                0.01;  0.02] *       0.01 [                0.01;    2176255809597.22] *      -0.00 [   -8436227853818.34;                0.00]  
edgecov.mmc[[i]]               0.16 [ -0.01;  0.44]        -0.15 [ -0.35;  0.13]         0.16 [ -0.06;  0.66]         0.14 [               -0.07;  0.27]        -0.09 [ -550556840206948.75;                0.31]         0.16 [-1724148286589853.25;                0.51]  
nodecov.net_risk               0.52 [  0.34;  0.53] *       0.60 [  0.47;  0.64] *       0.45 [  0.29;  0.49] *       0.52 [                0.19;  0.55] *       0.44 [                0.29;   36895824928455.20] *       0.31 [                0.18;   69056152559961.53] *
nodecov.net_risk_lag          -0.01 [ -0.01;  0.23]         0.03 [ -0.01;  0.21]         0.01 [ -0.01;  0.16]        -0.01 [               -0.03;  0.08]         0.02 [ -173328270370456.25;                0.19]         0.03 [  -39523177024117.69;                0.12]  
nodematch.npm                  3.93 [  3.75;  4.40] *       4.07 [  3.51;  5.04] *       3.52 [  3.27;  3.88] *       4.29 [                4.06;  4.75] *       3.56 [                3.42; 1340669771324925.00] *       3.21 [                3.17; 2722658415160821.50] *
nodematch.ipo_status.0        -0.15 [ -0.21; -0.03] *      -0.07 [ -0.20;  0.13]         0.09 [ -0.06;  0.24]        -0.56 [               -0.62; -0.31] *      -0.02 [               -0.17;  192405131639583.62]        -0.36 [  -69263972551890.62;               -0.25] *
nodematch.ipo_status.1        -0.26 [ -0.41; -0.12] *      -0.19 [ -0.24;  0.14]        -0.23 [ -0.31; -0.05] *      -0.24 [               -0.42;  0.02]        -0.08 [-1427555996875923.75;                0.04]        -0.14 [               -0.53;  305861521707952.25]  
nodecov.constraint            -7.36 [ -8.06; -5.89] *      -8.27 [ -9.01; -7.05] *      -7.05 [ -8.02; -4.70] *      -8.18 [               -8.62; -6.40] *      -6.03 [               -6.60;  217531544978196.25]        -4.39 [ -205395631234840.00;               -2.75] *
absdiff.constraint             5.36 [  4.39;  5.92] *       5.45 [  4.71;  6.24] *       5.53 [  4.14;  6.30] *       5.62 [                4.62;  6.01] *       4.25 [ -890908936969456.00;                4.64]         3.65 [                2.61;  288504396695655.50] *
----------------------------------------------------------------------------------------------------------------------------------------------------------------------------------------------------------------------------------------------------------------------------
Num. obs.                 137420                       101554                       318706                       217678                                     261725                                                   335918                                                 
============================================================================================================================================================================================================================================================================
* 0 outside the confidence interval
