
============================================================================================================================================================================
                        m1                           m2                           m3a                           m3b                            m4b                          
----------------------------------------------------------------------------------------------------------------------------------------------------------------------------
edges                     -4.651 [-9.952; -4.651] *    -4.654 [-9.954; -4.654] *    -4.874 [-10.233; -4.843] *    -4.875 [-10.228;  -4.844] *    -4.886 [-10.292;  -4.855] *
gwesp                      0.458 [ 0.026;  0.685] *     0.458 [ 0.027;  0.688] *     0.458 [  0.022;  0.688] *     0.459 [  0.022;   0.689] *     0.453 [  0.001;   0.649] *
triangle                   0.662 [ 0.436;  0.837] *     0.662 [ 0.429;  0.840] *     0.659 [  0.428;  0.836] *     0.659 [  0.428;   0.837] *     0.661 [  0.501;   0.901] *
cycle4                     0.211 [ 0.111;  0.278] *     0.211 [ 0.111;  0.273] *     0.211 [  0.110;  0.272] *     0.210 [  0.110;   0.272] *     0.209 [  0.092;   0.249] *
cycle5                    -0.040 [-0.063;  0.002]      -0.040 [-0.061;  0.002]      -0.040 [ -0.060;  0.003]      -0.040 [ -0.060;   0.003]      -0.042 [ -0.055;   0.007]  
cycle6                     0.003 [-0.004;  0.006]       0.003 [-0.004;  0.006]       0.003 [ -0.005;  0.006]       0.003 [ -0.005;   0.006]       0.003 [ -0.005;   0.005]  
nodecov.env_risk           0.001 [ 0.000;  2.780] *     0.001 [ 0.000;  2.781] *     0.000 [  0.000;  2.780] *     0.000 [  0.000;   2.777] *     0.001 [  0.001;   2.796] *
edgecov.mmc                                             0.116 [-0.484;  0.673]       0.117 [ -0.485;  0.681]       0.133 [ -0.476;   0.703]       0.122 [ -0.542;   0.668]  
nodematch.ipo_status                                                                 0.239 [  0.183;  0.321] *                                                              
nodematch.ipo_status.0                                                                                             0.241 [  0.185;   0.324] *     0.225 [  0.175;   0.487] *
nodematch.ipo_status.1                                                                                           -10.899 [-15.278; -11.899] *   -10.876 [-16.019; -11.876] *
nodecov.env_risk_lag                                                                                                                              0.004 [  0.000;   1.530] *
----------------------------------------------------------------------------------------------------------------------------------------------------------------------------
Num. obs.               4930                         5159                         5441                          5445                           5731                         
============================================================================================================================================================================
* 0 outside the confidence interval
