
===============================================================================================================
                          clarabridge                  satmetrix                    empathica                  
---------------------------------------------------------------------------------------------------------------
edges                        -10.35 [-14.82; -9.70] *     -10.38 [-12.24; -8.92] *     -10.01 [-13.04; -8.96] *
gwesp.fixed.0                  0.14 [ -0.43;  0.48]         0.02 [ -0.37;  0.25]        -0.04 [ -0.42;  0.29]  
cycle3                         0.65 [  0.61;  0.67] *       1.19 [  1.01;  1.28] *       1.26 [  0.79;  1.33] *
cycle4                         0.15 [  0.11;  0.17] *       0.15 [  0.13;  0.17] *       0.14 [  0.11;  0.16] *
cycle5                        -0.01 [ -0.01; -0.00] *      -0.03 [ -0.03; -0.03] *      -0.03 [ -0.03; -0.02] *
cycle6                        -0.00 [ -0.00; -0.00] *       0.00 [  0.00;  0.00] *       0.00 [  0.00;  0.00] *
nodefactor.state_code.AZ       0.22 [  0.16;  0.35] *                                                          
nodefactor.state_code.BC       0.85 [  0.84;  1.16] *       0.18 [  0.01;  0.22] *                             
nodefactor.state_code.CA       0.80 [  0.79;  1.09] *       0.67 [  0.13;  0.84] *       0.70 [  0.40;  0.83] *
nodefactor.state_code.CO       1.04 [  1.04;  1.27] *       0.67 [  0.26;  0.85] *       0.44 [  0.38;  0.69] *
nodefactor.state_code.CT       1.15 [  1.15;  1.60] *       0.93 [  0.64;  1.09] *       0.95 [  0.51;  1.26] *
nodefactor.state_code.DC       0.70 [  0.69;  1.23] *       0.79 [  0.16;  1.28] *       0.75 [  0.30;  1.47] *
nodefactor.state_code.DE      -0.70 [-12.41;  0.25]                                                            
nodefactor.state_code.FL       0.62 [  0.59;  0.85] *       0.37 [  0.07;  0.42] *      -0.32 [ -0.42; -0.02] *
nodefactor.state_code.GA      -0.48 [ -0.70; -0.26] *      -0.29 [ -0.84;  0.05]        -0.17 [ -0.59;  0.12]  
nodefactor.state_code.IL       1.08 [  1.08;  1.16] *       0.76 [ -0.01;  1.09]         0.84 [  0.24;  1.05] *
nodefactor.state_code.IN       0.35 [  0.18;  1.02] *                                                          
nodefactor.state_code.KS       1.79 [  1.67;  2.25] *                                                          
nodefactor.state_code.MA       0.94 [  0.84;  1.32] *       0.13 [ -0.30;  0.28]         0.12 [ -0.30;  0.32]  
nodefactor.state_code.MD      -0.38 [ -0.45;  0.12]                                                            
nodefactor.state_code.MI      -0.48 [ -0.48; -0.16] *      -0.45 [ -1.24; -0.05] *      -0.42 [ -0.81; -0.08] *
nodefactor.state_code.MN       0.29 [  0.14;  0.57] *                                                          
nodefactor.state_code.MO      -0.29 [ -0.32; -0.01] *      -0.46 [ -1.05; -0.38] *      -0.17 [ -0.52; -0.08] *
nodefactor.state_code.MT      -0.26 [ -0.31; -0.22] *       1.06 [-10.44;  2.32]         0.95 [ -9.49;  2.86]  
nodefactor.state_code.NA       0.81 [  0.73;  1.19] *       0.41 [ -0.04;  0.57]         0.38 [  0.22;  0.49] *
nodefactor.state_code.NC       1.95 [  1.76;  2.23] *       0.78 [  0.65;  0.78] *                             
nodefactor.state_code.NE      -0.85 [-12.53;  0.63]                                                            
nodefactor.state_code.NH       0.53 [  0.49;  1.06] *       1.04 [  0.91;  1.11] *       0.87 [  0.83;  0.99] *
nodefactor.state_code.NJ      -0.68 [ -0.99;  0.36]        -0.03 [-12.42;  0.09]                               
nodefactor.state_code.NS       2.52 [  2.19;  3.45] *                                                          
nodefactor.state_code.NV       0.11 [  0.07;  1.16] *       0.66 [  0.50;  0.72] *      -0.05 [ -0.10;  0.27]  
nodefactor.state_code.NY       1.37 [  1.24;  1.86] *       1.44 [  0.91;  1.57] *       1.70 [  1.43;  1.79] *
nodefactor.state_code.OH       0.48 [  0.47;  0.77] *       1.21 [  0.24;  1.50] *       0.76 [ -0.06;  1.09]  
nodefactor.state_code.OK      -0.38 [-11.91;  1.25]                                                            
nodefactor.state_code.ON       0.71 [  0.63;  1.07] *       0.58 [  0.08;  0.85] *       0.53 [  0.21;  0.85] *
nodefactor.state_code.OR       0.72 [  0.66;  1.39] *       0.53 [ -0.43;  0.92]         0.81 [ -0.34;  1.04]  
nodefactor.state_code.PA       0.12 [ -0.58;  0.73]         0.59 [-11.93;  0.94]         0.60 [-11.55;  0.71]  
nodefactor.state_code.QC       0.94 [  0.87;  1.26] *       0.69 [ -0.06;  0.96]         1.42 [  0.43;  1.63] *
nodefactor.state_code.TN       0.52 [  0.26;  0.79] *                                                          
nodefactor.state_code.TX       0.40 [  0.34;  0.76] *       0.38 [  0.08;  0.46] *       0.29 [  0.28;  0.45] *
nodefactor.state_code.UT       0.92 [  0.90;  1.34] *       0.55 [  0.12;  0.62] *       0.72 [  0.63;  0.76] *
nodefactor.state_code.VA       0.87 [  0.87;  1.03] *       1.53 [  1.10;  1.63] *       0.79 [  0.41;  0.85] *
nodefactor.state_code.WA       1.13 [  1.12;  1.42] *       0.46 [ -0.00;  0.67]         0.50 [  0.27;  0.70] *
nodefactor.state_code.WI       0.32 [  0.16;  4.00] *       0.88 [  0.76;  0.89] *                             
nodefactor.state_code.WV       0.24 [  0.16;  1.30] *                                                          
nodematch.state_code          -0.27 [ -0.29; -0.26] *      -0.26 [ -0.29; -0.20] *      -0.43 [ -0.49; -0.34] *
nodecov.age                    0.02 [  0.01;  0.02] *       0.01 [  0.01;  0.02] *       0.02 [  0.01;  0.02] *
edgecov.mmc[[i]]               0.67 [  0.52;  1.30] *       0.42 [ -0.09;  1.19]         0.25 [ -0.12;  0.65]  
nodecov.net_risk               0.02 [  0.01;  0.79] *       0.08 [  0.02;  0.17] *       0.08 [  0.02;  0.25] *
nodecov.net_risk_lag           0.67 [  0.49;  1.54] *      -0.01 [ -0.01;  0.28]        -0.00 [ -0.04;  0.35]  
nodematch.npm                  2.41 [  1.93;  3.58] *       2.12 [  1.64;  3.22] *       1.88 [  1.45;  3.53] *
nodematch.ipo_status.0        -0.09 [ -0.17;  0.06]        -0.03 [ -0.16;  0.10]         0.02 [ -0.17;  0.07]  
nodematch.ipo_status.1         0.07 [ -0.20;  0.53]        -0.17 [ -0.28;  0.05]         0.05 [ -0.02;  0.37]  
nodefactor.state_code.KY                                    0.45 [  0.29;  0.59] *                             
nodefactor.state_code.NL                                    0.53 [ -0.87;  1.27]         0.84 [ -0.53;  1.14]  
---------------------------------------------------------------------------------------------------------------
Num. obs.                 199976                       152493                       114339                     
===============================================================================================================
* 0 outside the confidence interval
