
=====================================================================================================================================================================================================================================================================================================================================================
                          medallia                                                clarabridge                  qualtrics                    satmetrix                    confirmit                    empathica                     allegiance                   hybris                       customergauge                mindshare-technologies    
-----------------------------------------------------------------------------------------------------------------------------------------------------------------------------------------------------------------------------------------------------------------------------------------------------------------------------------------------------
edges                        -13.36 [-1002364397369517.00;             -10.98] *     -11.04 [-12.32; -8.45] *      -8.13 [-10.78; -5.76] *     -11.71 [-13.60; -8.66] *     -10.97 [-12.57; -9.05] *     -11.60 [-13.12; -10.03] *      -8.69 [-32.14; -6.69] *      -7.05 [-29.00; -4.01] *     -8.69 [-11.81;  -6.70] *     -9.75 [-13.30; -7.96] *
gwesp.fixed.0                 -0.04 [               -0.09;               0.02]        -0.09 [ -0.22;  0.01]         0.23 [  0.06;  0.30] *       0.09 [ -0.10;  0.25]         0.03 [ -0.05;  0.06]         0.18 [ -0.01;   0.22]         0.13 [  0.00;  0.14] *       0.02 [ -0.06;  0.12]        0.22 [  0.09;   0.26] *      0.37 [  0.29;  0.39] *
cycle3                         0.68 [                0.49;               0.78] *       0.45 [  0.38;  0.49] *       0.63 [  0.57;  0.70] *       0.73 [  0.59;  0.86] *       0.76 [  0.72;  0.84] *       0.58 [  0.50;   0.76] *       0.92 [  0.88;  0.98] *       0.52 [  0.35;  0.62] *      0.26 [  0.06;   0.47] *      0.34 [  0.06;  0.48] *
cycle4                         0.08 [                0.07;               0.16] *       0.08 [  0.07;  0.10] *       0.21 [  0.18;  0.25] *       0.09 [  0.08;  0.18] *       0.10 [  0.09;  0.13] *       0.08 [  0.06;   0.09] *       0.04 [  0.04;  0.05] *       0.06 [  0.05;  0.07] *      0.14 [  0.12;   0.21] *      0.14 [  0.13;  0.30] *
cycle5                        -0.03 [               -0.03;              -0.03] *      -0.00 [ -0.01; -0.00] *      -0.04 [ -0.05; -0.04] *      -0.03 [ -0.04; -0.02] *      -0.02 [ -0.03; -0.02] *      -0.02 [ -0.03;  -0.02] *      -0.01 [ -0.01; -0.01] *      -0.01 [ -0.01; -0.01] *     -0.01 [ -0.05;  -0.00] *     -0.04 [ -0.08; -0.03] *
cycle6                         0.00 [                0.00;               0.00] *      -0.00 [ -0.00; -0.00] *       0.00 [  0.00;  0.00] *       0.00 [ -0.00;  0.00]         0.00 [  0.00;  0.00] *       0.00 [ -0.00;   0.00]         0.00 [  0.00;  0.00] *       0.00 [  0.00;  0.00] *     -0.00 [ -0.00;   0.00]        0.00 [  0.00;  0.01] *
nodefactor.state_code.BC       0.78 [                0.08;               1.24] *       0.14 [ -0.00;  0.31]        -1.42 [ -2.02; -0.66] *       0.04 [ -0.52;  0.63]        -0.38 [ -0.60; -0.24] *                                    -0.70 [ -2.19; 11.94]        -1.79 [ -3.81; 10.86]                                                           
nodefactor.state_code.CA       1.15 [                0.60;    838996766556.20] *      -0.10 [ -0.30;  0.10]        -0.86 [ -1.32; -0.37] *       0.18 [ -0.34;  0.91]         0.04 [ -0.34;  0.52]         0.30 [  0.12;   0.59] *      -0.22 [ -1.56; 12.42]        -1.72 [ -3.72; 10.96]        0.26 [  0.15;   0.77] *      0.37 [  0.10;  1.16] *
nodefactor.state_code.CO       0.87 [                0.37;    313468055683.82] *      -0.12 [ -0.22;  0.07]        -1.30 [ -1.79; -0.91] *       0.56 [  0.04;  1.34] *       0.07 [ -0.42;  0.66]         0.25 [  0.10;   0.54] *      -0.42 [ -1.79; 12.22]        -1.71 [ -3.71; 10.87]       -0.00 [ -0.21;   0.70]        0.19 [  0.06;  1.02] *
nodefactor.state_code.CT       1.40 [                0.93;    282152488647.73] *      -0.55 [ -0.67; -0.39] *      -0.94 [ -1.52; -0.05] *       0.19 [ -0.40;  0.98]         0.02 [ -0.18;  0.23]         0.37 [  0.28;   0.62] *      -0.81 [ -2.06; 11.70]        -1.79 [ -4.00; 10.79]        0.13 [ -0.14;   0.81]        0.73 [  0.52;  2.22] *
nodefactor.state_code.DC       1.64 [                0.95;               2.34] *      -0.11 [ -0.52;  0.23]        -0.93 [ -1.58; -0.21] *       0.49 [ -0.25;  1.53]         0.26 [ -0.28;  0.96]         0.23 [ -0.07;   0.98]        -0.55 [ -1.42; 11.72]        -2.05 [ -3.88;  9.83]       -0.76 [ -0.98;  -0.43] *      0.02 [ -0.42;  0.47]  
nodefactor.state_code.DE       1.43 [               -0.03;   5692425379193.43]        -0.37 [-11.98; -0.13] *      -1.06 [-12.41; -0.47] *                                   -0.40 [ -1.20;  0.14]                                      -0.38 [ -1.85; 11.84]        -1.74 [ -3.72; 10.66]                                                           
nodefactor.state_code.FL       0.59 [                0.14;               0.99] *      -0.04 [ -0.25;  0.23]        -1.43 [ -1.85; -0.97] *      -0.30 [ -0.75;  0.36]        -0.28 [ -0.61;  0.07]        -0.57 [ -0.83;  -0.27] *      -0.55 [ -1.98; 12.16]        -2.14 [ -4.10; 10.59]                                    -1.23 [ -1.57; -0.39] *
nodefactor.state_code.GA       0.59 [               -0.45;               1.69]        -0.25 [ -0.60; -0.03] *      -1.80 [ -2.63; -1.27] *       0.23 [ -0.60;  1.10]        -0.38 [ -0.97;  0.20]         0.35 [ -0.06;   1.26]        -0.95 [ -2.21; 11.66]        -2.24 [ -4.39; 10.46]                                                           
nodefactor.state_code.IL       0.86 [                0.46;               1.28] *      -0.12 [ -0.25;  0.04]        -0.62 [ -1.07; -0.28] *       0.22 [ -0.28;  0.83]         0.25 [ -0.18;  0.48]         0.34 [  0.21;   0.62] *      -0.18 [ -1.64; 12.54]        -2.10 [ -4.16; 10.75]       -0.78 [ -1.04;  -0.32] *     -0.32 [ -0.87;  0.28]  
nodefactor.state_code.MA       0.77 [                0.28;               1.25] *       0.08 [ -0.10;  0.23]        -1.03 [ -1.40; -0.52] *       0.23 [ -0.34;  0.72]        -0.04 [ -0.37;  0.32]         0.31 [  0.05;   0.54] *      -1.52 [ -2.91; 11.22]        -2.24 [ -4.25; 10.36]       -0.36 [ -0.61;  -0.11] *      0.27 [ -0.01;  0.83]  
nodefactor.state_code.MI       1.00 [                0.18;               1.50] *      -0.84 [ -1.15; -0.58] *      -0.34 [ -0.92; -0.19] *      -0.16 [ -0.77;  0.55]        -0.01 [ -0.82;  0.65]        -0.15 [ -0.64;   0.24]        -0.83 [ -2.41; 11.90]        -2.37 [ -4.42; 10.30]       -0.07 [-12.63;   0.40]                              
nodefactor.state_code.MO       0.61 [    -826204117543.69;               1.01]        -0.11 [ -0.88;  0.12]        -1.45 [ -1.85; -1.31] *      -0.05 [-11.64;  0.58]        -0.78 [ -1.91; -0.05] *      -0.48 [ -1.09;  -0.27] *      -1.34 [ -2.83; 11.29]        -2.30 [ -4.39; 10.54]                                    -0.40 [ -0.71;  0.50]  
nodefactor.state_code.MT       0.82 [              -10.62;               3.09]        -0.30 [ -0.49; -0.07] *      -1.41 [-12.62; -0.05] *       0.18 [-12.02;  2.32]        -0.18 [-11.03;  1.01]        -0.24 [-10.99;   1.62]        -1.35 [ -2.78; 11.29]        -2.46 [ -4.59; 10.20]                                                           
nodefactor.state_code.NA       0.88 [                0.38;               1.41] *      -0.13 [ -0.32;  0.08]        -1.11 [ -1.56; -0.52] *       0.00 [ -0.50;  0.61]        -0.19 [ -0.64;  0.24]         0.02 [ -0.12;   0.24]        -0.65 [ -2.07; 12.03]        -2.05 [ -4.07; 10.64]       -0.16 [ -0.26;   0.10]        0.09 [ -0.14;  0.73]  
nodefactor.state_code.NC       0.35 [               -0.14;               0.76]         0.31 [  0.19;  0.49] *      -1.28 [ -1.78; -0.87] *      -0.60 [ -1.14; -0.00] *      -0.22 [ -0.92;  0.44]                                      -0.91 [ -2.34; 11.73]        -1.93 [ -3.90; 10.94]                                                           
nodefactor.state_code.NH       1.34 [                0.81;               2.05] *      -1.00 [ -1.08; -0.70] *      -0.41 [ -1.14;  0.33]         0.11 [ -0.58;  1.17]         0.02 [ -0.44;  0.62]        -0.12 [ -0.26;   0.27]        -0.19 [ -1.62; 12.29]        -1.77 [ -4.03; 11.01]        0.19 [ -0.13;   0.87]        0.12 [ -0.04;  0.87]  
nodefactor.state_code.NJ      -1.04 [               -2.86;              -0.15] *      -1.57 [ -2.84; -0.87] *      -0.53 [ -0.99; -0.10] *      -0.57 [-12.14; -0.14] *      -0.64 [-12.07; -0.16] *                                    -0.73 [ -2.12; 11.75]        -2.37 [ -4.37; 10.44]                                                           
nodefactor.state_code.NL       1.94 [                1.70;   4524432750135.52] *                                   -1.12 [ -1.59;  0.30]         0.88 [  0.50;  1.39] *       0.80 [  0.40;  1.16] *       0.69 [  0.28;   1.09] *      -0.40 [ -1.89; 12.48]                                                                                        
nodefactor.state_code.NS       0.17 [               -0.19;               0.74]         0.98 [  0.91;  1.15] *                                                                                                                                                        -2.17 [ -4.22; 10.49]                                                           
nodefactor.state_code.NV       0.47 [  -63415405189714.51;               1.29]        -0.75 [ -1.41; -0.02] *      -1.38 [ -1.86; -1.05] *      -0.41 [ -0.92;  0.30]        -0.17 [ -0.79;  0.37]        -0.31 [ -1.00;   0.01]        -1.29 [ -2.92; 11.59]        -1.83 [ -3.77; 10.59]       -0.67 [ -1.13;  -0.16] *     -0.49 [-12.18;  0.36]  
nodefactor.state_code.NY       1.64 [                1.05;   2012365537783.07] *      -0.13 [ -0.56;  0.17]        -0.91 [ -1.38; -0.54] *       0.92 [  0.37;  1.54] *       0.35 [ -0.13;  0.83]         0.88 [  0.53;   1.15] *      -0.40 [ -1.79; 12.25]        -1.69 [ -3.63; 10.98]        0.25 [ -0.07;   0.68]        0.94 [  0.58;  1.40] *
nodefactor.state_code.OH       1.58 [                0.78;    831930715818.56] *      -1.83 [ -3.17; -0.15] *      -0.31 [ -0.95;  0.51]         0.49 [ -0.29;  1.11]         0.18 [ -0.09;  0.51]        -1.39 [ -2.65;   0.34]        -0.47 [ -1.73; 12.21]        -1.75 [ -3.81; 10.88]       -0.79 [ -1.76;  -0.02] *     -0.26 [ -0.65;  0.85]  
nodefactor.state_code.ON       0.72 [                0.38;               1.10] *       0.02 [ -0.17;  0.26]        -0.84 [ -1.31; -0.37] *      -0.09 [ -0.51;  0.63]        -0.39 [ -0.78;  0.01]        -0.39 [ -0.58;  -0.16] *      -0.76 [ -2.24; 12.03]        -1.57 [ -3.40; 10.97]       -0.41 [ -0.55;   0.00]       -0.34 [ -0.60;  0.14]  
nodefactor.state_code.OR       1.44 [                0.85;               2.03] *      -0.61 [ -0.75; -0.27] *      -1.34 [ -1.77; -0.66] *       0.62 [ -0.02;  1.04]        -0.64 [ -0.93; -0.32] *       0.16 [  0.02;   0.41] *      -0.98 [ -2.55; 11.76]        -2.28 [ -4.89; 10.38]       -0.63 [ -1.05;  -0.09] *      0.56 [  0.35;  1.33] *
nodefactor.state_code.PA       0.93 [              -11.78;               1.30]        -0.16 [ -1.48;  0.05]        -2.40 [-14.52; -2.00] *      -0.15 [-12.03;  0.33]        -0.70 [-12.64; -0.37] *       0.22 [-11.97;   0.45]        -1.59 [ -3.25; 11.04]        -1.61 [ -3.86; 11.16]                                     0.66 [-12.03;  1.13]  
nodefactor.state_code.QC       1.16 [                0.82;   1388856437754.50] *      -0.30 [ -0.52;  0.00]        -0.89 [ -1.37; -0.27] *       0.41 [  0.09;  0.80] *       0.37 [  0.06;  0.64] *      -0.16 [ -0.44;   0.21]        -0.50 [ -2.04; 12.25]        -1.70 [ -3.72; 10.82]       -0.46 [ -0.53;  -0.13] *      0.77 [  0.57;  1.45] *
nodefactor.state_code.TX       1.06 [                0.68;   1475841704736.39] *      -0.22 [ -0.38; -0.04] *      -1.31 [ -1.69; -0.83] *      -0.05 [ -0.42;  0.52]        -0.19 [ -0.54;  0.11]         0.16 [ -0.11;   0.39]        -0.66 [ -2.12; 12.06]        -1.83 [ -3.85; 10.82]       -0.37 [ -0.77;   0.25]        0.03 [ -0.45;  0.64]  
nodefactor.state_code.UT       1.17 [                0.78;    324633098240.00] *      -0.14 [ -0.19;  0.01]        -1.22 [ -1.68; -0.80] *       0.31 [ -0.13;  0.95]        -0.00 [ -0.46;  0.42]         0.27 [  0.11;   0.52] *      -0.74 [ -2.10; 11.96]        -1.95 [ -3.95; 10.77]       -0.07 [ -0.21;   0.39]        0.29 [  0.09;  1.10] *
nodefactor.state_code.VA       1.21 [                0.70;               1.75] *      -0.18 [ -0.33; -0.04] *      -0.81 [ -1.23; -0.45] *       0.93 [  0.29;  1.65] *       0.19 [ -0.33;  0.63]         0.50 [  0.28;   0.79] *      -0.75 [ -2.19; 11.90]        -2.45 [ -4.66; 10.32]        0.37 [ -0.23;   1.25]        0.83 [  0.51;  2.05] *
nodefactor.state_code.WA       0.97 [                0.60;               1.37] *      -0.23 [ -0.38; -0.02] *      -0.81 [ -1.31; -0.38] *      -0.06 [ -0.51;  0.60]        -0.24 [ -0.70;  0.23]         0.05 [ -0.16;   0.30]        -0.98 [ -2.28; 11.67]        -1.76 [ -3.76; 10.84]       -0.37 [ -0.53;  -0.12] *     -0.05 [ -0.24;  0.74]  
nodefactor.state_code.WI       0.94 [                0.51;               1.35] *       0.96 [-11.69;  3.19]        -1.56 [ -1.93; -1.34] *      -0.56 [ -1.07;  0.33]        -0.19 [ -0.90;  0.64]                                                                   -1.09 [ -3.20; 11.68]                                                           
nodematch.state_code          -0.14 [  -60200327400800.45;              -0.02] *      -0.22 [ -0.24; -0.19] *      -0.03 [ -0.08;  0.09]        -0.16 [ -0.22;  0.01]        -0.09 [ -0.14; -0.02] *      -0.37 [ -0.41;  -0.25] *      -0.18 [ -0.21; -0.16] *       0.05 [  0.01;  0.13] *     -0.61 [ -0.71;  -0.41] *     -0.59 [ -0.62; -0.48] *
nodecov.age                    0.01 [                0.01;               0.02] *       0.02 [  0.02;  0.03] *      -0.00 [ -0.01; -0.00] *       0.01 [  0.01;  0.01] *       0.01 [  0.01;  0.01] *       0.02 [  0.01;   0.02] *      -0.01 [ -0.01; -0.01] *       0.01 [  0.00;  0.01] *     -0.00 [ -0.00;   0.00]        0.01 [  0.01;  0.01] *
edgecov.mmc[[i]]               0.07 [               -0.27;               0.65]         0.30 [  0.09;  0.60] *       0.16 [ -0.06;  0.69]         0.27 [  0.06;  0.53] *       0.04 [ -0.19;  0.33]         0.15 [ -0.25;   0.54]        -0.53 [ -0.65; -0.32] *       0.26 [  0.03;  0.38] *      0.39 [  0.06;   1.46] *     -0.59 [ -1.12; -0.37] *
nodecov.net_risk               0.38 [                0.30;               0.52] *       0.47 [  0.34;  1.10] *       0.29 [  0.23;  0.42] *       0.50 [  0.39;  0.58] *       0.40 [  0.33;  0.53] *       0.51 [  0.42;   0.67] *       0.45 [  0.32;  0.54] *       0.50 [  0.34;  0.55] *      0.46 [  0.32;   0.65] *      0.32 [  0.25;  0.65] *
nodecov.net_risk_lag           0.06 [               -0.02;               0.20]         0.02 [ -0.61;  0.03]         0.05 [ -0.02;  0.07]         0.02 [ -0.05;  0.18]         0.04 [ -0.02;  0.05]         0.05 [ -0.03;   0.06]         0.00 [ -0.06;  0.01]         0.01 [ -0.01;  0.03]        0.06 [ -0.03;   0.08]        0.09 [ -0.04;  0.53]  
nodematch.npm                  3.69 [                3.50;  12606910698518.73] *       4.21 [  3.89;  4.66] *       3.33 [  3.15;  3.82] *       4.15 [  3.89;  5.02] *       3.40 [  3.25;  3.69] *       3.97 [  3.71;   4.39] *       3.68 [  3.48;  4.05] *       3.66 [  3.47;  3.89] *      2.88 [  2.70;   3.61] *      2.89 [  2.68;  3.81] *
nodematch.ipo_status.0         0.02 [               -0.10;               0.11]        -0.58 [ -0.65; -0.41] *      -0.42 [ -0.64; -0.24] *      -0.32 [ -0.63; -0.09] *       0.03 [ -0.24;  0.23]        -0.03 [ -0.20;   0.21]        -1.71 [ -1.83; -1.56] *      -1.26 [ -1.42; -1.10] *      0.11 [ -0.30;   0.66]        0.61 [  0.34;  0.86] *
nodematch.ipo_status.1        -0.10 [               -0.15;               0.11]        -0.20 [ -0.32; -0.04] *      -0.02 [ -0.33;  0.58]        -0.23 [ -0.33;  0.13]        -0.33 [ -0.38; -0.20] *      -0.23 [ -0.28;   0.24]        -0.14 [ -0.34;  0.10]        -0.01 [ -0.14;  0.22]       -9.72 [-23.32; -10.72] *      0.49 [-11.85;  0.92]  
nodecov.constraint            -5.82 [  -13584172627869.78;              -4.38] *      -7.81 [ -8.79; -6.07] *      -4.29 [ -5.46; -2.34] *      -6.94 [ -7.86; -5.81] *      -6.59 [ -8.11; -4.73] *      -7.39 [ -8.64;  -5.74] *      -7.59 [ -8.13; -6.43] *      -6.90 [ -7.10; -6.16] *     -5.33 [ -7.18;  -3.51] *     -5.48 [ -8.76; -2.93] *
absdiff.constraint             4.17 [                3.62; 378232008682540.94] *       5.50 [  4.40;  6.07] *       3.47 [  2.29;  4.29] *       4.94 [  4.01;  5.83] *       5.15 [  3.92;  6.33] *       5.09 [  3.95;   6.14] *       6.18 [  5.65;  6.62] *       4.68 [  4.07;  4.94] *      3.87 [  2.49;   5.31] *      4.48 [  2.65;  6.19] *
nodefactor.state_code.AZ                                                               0.15 [ -0.16;  0.84]        -1.66 [ -2.07; -1.18] *                                                                                               1.02 [ -0.68; 13.87]        -2.64 [ -4.53;  9.96]                                                           
nodefactor.state_code.IN                                                              -1.19 [ -1.56; -0.77] *      -0.79 [ -1.40; -0.33] *                                                                                              -2.01 [ -3.37; 10.55]        -0.93 [ -3.06; 12.01]                                                           
nodefactor.state_code.KS                                                               0.97 [  0.41;  1.17] *      -1.48 [-12.83; -0.84] *                                                                                               0.30 [ -1.14; 12.80]        -1.95 [ -3.98; 10.69]                                                           
nodefactor.state_code.MD                                                              -0.59 [ -0.72; -0.37] *      -1.38 [ -1.67; -0.86] *                                                                                              -0.04 [ -1.68; 12.51]        -2.46 [ -4.43; 10.51]                                                           
nodefactor.state_code.MN                                                               0.29 [  0.13;  0.45] *                                                                                                                                                        -1.94 [ -4.21; 10.97]                                                           
nodefactor.state_code.NE                                                              -1.57 [-13.36; -1.18] *                                                                                                                            0.13 [ -1.60; 13.18]        -1.63 [ -3.70; 10.95]                                                           
nodefactor.state_code.OK                                                              -0.67 [-12.26; -0.36] *                                                                                                                                                                                                                                        
nodefactor.state_code.TN                                                              -0.04 [ -0.73;  0.71]        -0.97 [-12.83; -0.50] *                                                                                                                                                                                                           
nodefactor.state_code.WV                                                              -0.75 [ -1.07; -0.15] *                                                                                                                                                                                                                                        
nodefactor.state_code.KY                                                                                           -1.39 [ -1.85; -0.61] *      -0.04 [ -0.43;  0.72]        -0.04 [ -0.09;  0.04]                                                                                                                                                   
nodefactor.state_code.LA                                                                                           -0.92 [ -2.32; -0.36] *                                   -0.59 [ -1.77;  0.33]                                      -0.98 [ -2.71; 11.91]                                                                                        
nodefactor.state_code.NM                                                                                           -1.47 [-12.83; -0.68] *                                   -0.52 [ -1.09; -0.29] *                                    -1.09 [ -2.64; 11.83]                                                                                        
nodefactor.state_code.AR                                                                                                                                                                                                                -0.10 [ -1.54; 12.43]        -1.63 [ -3.59; 10.78]                                                           
nodefactor.state_code.RI                                                                                                                                                                                                                -0.98 [ -2.71; 11.91]                                                                                        
nodefactor.state_code.SC                                                                                                                                                                                                                 0.10 [ -1.63; 13.15]        -1.48 [ -3.58; 11.26]                                                           
nodefactor.state_code.VT                                                                                                                                                                                                                -0.05 [ -1.55; 12.63]                                                                                        
nodefactor.state_code.ME                                                                                                                                                                                                                                             -1.97 [ -4.12; 10.69]                                                           
-----------------------------------------------------------------------------------------------------------------------------------------------------------------------------------------------------------------------------------------------------------------------------------------------------------------------------------------------------
Num. obs.                 480760                                                  406704                       620392                       258059                       589198                       188510                        933469                       935274                       42909                        37660                     
=====================================================================================================================================================================================================================================================================================================================================================
* 0 outside the confidence interval
