
======================================================================================================================================================================================================================================================================================================================
                          fitbit                      runtastic                   zipcar                       ridejoy                      visa                         mastercard                   medallia                                                clarabridge                  satmetrix                  
----------------------------------------------------------------------------------------------------------------------------------------------------------------------------------------------------------------------------------------------------------------------------------------------------------------------
edges                       -10.89 [-39.55; -7.78] *     -9.19 [-10.19; -3.76] *      -8.88 [-10.56; -6.81] *      -9.71 [-11.57; -8.44] *      -9.37 [-11.33; -6.12] *      -9.46 [-11.30; -5.91] *     -12.77 [-1342924049244974.25;             -10.43] *     -10.67 [-11.87; -8.59] *     -11.09 [-12.66; -7.79] *
gwesp.fixed.0                 0.04 [ -0.09;  0.11]       -0.43 [ -0.56; -0.32] *      -0.18 [ -0.22; -0.09] *      -0.10 [ -0.21; -0.02] *      -0.03 [ -0.17;  0.04]        -0.10 [ -0.21; -0.05] *      -0.08 [  -12173887039133.39;              -0.04] *      -0.09 [ -0.22;  0.05]         0.04 [ -0.14;  0.18]  
cycle3                       -0.48 [ -0.90; -0.29] *      0.01 [ -0.21;  0.14]        -0.25 [ -0.44; -0.11] *       0.11 [ -0.01;  0.30]         0.44 [  0.22;  0.59] *       0.77 [  0.35;  1.04] *       0.33 [                0.15;               0.49] *       0.56 [  0.47;  0.68] *       0.17 [  0.04;  0.26] *
cycle4                        0.18 [  0.15;  0.24] *      0.13 [  0.09;  0.16] *       0.21 [  0.18;  0.27] *       0.24 [  0.21;  0.37] *       0.13 [  0.11;  0.17] *       0.12 [  0.10;  0.17] *       0.09 [                0.08;               0.12] *       0.08 [  0.07;  0.09] *       0.09 [  0.09;  0.10] *
cycle5                       -0.06 [ -0.08; -0.05] *     -0.03 [ -0.04; -0.03] *      -0.06 [ -0.07; -0.05] *      -0.05 [ -0.06; -0.04] *      -0.05 [ -0.06; -0.04] *      -0.06 [ -0.06; -0.05] *      -0.03 [    -532369604852.63;              -0.03] *      -0.00 [ -0.01; -0.00] *      -0.03 [ -0.04; -0.02] *
cycle6                        0.01 [ -0.00;  0.01]        0.00 [  0.00;  0.01] *       0.00 [  0.00;  0.01] *       0.00 [  0.00;  0.00] *       0.01 [  0.00;  0.01] *       0.01 [  0.00;  0.01] *       0.00 [                0.00;    217082327244.21] *      -0.00 [ -0.00; -0.00] *       0.00 [  0.00;  0.00] *
nodefactor.state_code.AZ      0.51 [  0.23; 14.72] *                                                                                                                                                                                                               0.25 [  0.00;  0.86] *                             
nodefactor.state_code.BC     -0.42 [ -0.60; 12.65]       -0.65 [ -1.33; -0.05] *                                                                 0.45 [ -0.18;  0.65]         0.54 [ -0.08;  0.70]         0.78 [                0.11;               1.32] *       0.16 [  0.07;  0.31] *      -0.04 [ -0.67;  0.36]  
nodefactor.state_code.CA      0.47 [  0.16; 14.45] *     -0.18 [ -0.25;  0.00]         0.25 [ -0.30;  0.49]        -0.29 [ -0.70;  0.05]         0.59 [ -0.12;  1.05]         0.72 [  0.01;  1.15] *       1.09 [                0.51;               1.75] *      -0.08 [ -0.25;  0.11]         0.07 [ -0.40;  0.54]  
nodefactor.state_code.CO      0.11 [ -0.20; 14.65]       -0.67 [ -0.81; -0.20] *      -0.10 [ -1.19;  0.51]        -1.43 [ -2.10; -0.79] *       0.80 [  0.42;  1.17] *       0.95 [  0.53;  1.30] *       0.78 [                0.26;               1.43] *      -0.10 [ -0.18;  0.07]         0.40 [ -0.14;  0.85]  
nodefactor.state_code.DC      0.56 [ -0.15; 13.69]                                                                                               0.15 [ -0.07;  0.65]         0.38 [  0.19;  0.83] *       1.45 [                0.68;               1.96] *      -0.08 [ -0.44;  0.24]         0.29 [ -0.35;  0.75]  
nodefactor.state_code.FL     -0.15 [ -0.37; 13.21]       -0.59 [ -1.03; -0.15] *      -0.15 [ -0.86;  0.27]        -0.28 [ -0.87;  0.22]         0.03 [ -0.47;  0.64]         0.20 [ -0.39;  0.73]         0.58 [                0.14;               1.11] *      -0.01 [ -0.20;  0.24]        -0.36 [ -0.82;  0.02]  
nodefactor.state_code.GA     -0.67 [ -1.12; 13.28]       -0.56 [ -0.67; -0.34] *       0.09 [ -0.55;  1.22]         0.57 [  0.11;  1.19] *       0.43 [ -0.31;  0.86]         0.59 [ -0.09;  1.00]         0.53 [               -0.23;   3913355210598.88]        -0.24 [ -0.54; -0.04] *       0.06 [ -0.81;  0.60]  
nodefactor.state_code.IL      0.19 [ -0.07; 14.26]       -0.46 [ -0.64; -0.16] *       0.05 [ -0.55;  0.33]        -0.46 [ -1.11;  0.18]         0.18 [ -0.37;  0.65]         0.26 [ -0.12;  0.51]         0.81 [                0.43;               1.23] *      -0.11 [ -0.24;  0.07]         0.11 [ -0.35;  0.51]  
nodefactor.state_code.IN      0.43 [  0.17; 14.29] *     -0.53 [ -0.58; -0.26] *                                                                 0.19 [ -0.43;  0.33]         0.08 [ -0.22;  0.24]                                                                -1.15 [ -1.47; -0.74] *                             
nodefactor.state_code.KS      1.11 [  0.65; 15.34] *      0.61 [  0.48;  0.81] *                                                                 0.28 [ -0.16;  0.46]         0.29 [ -0.16;  0.53]                                                                 0.94 [  0.42;  1.10] *                             
nodefactor.state_code.MA      0.40 [  0.20; 14.04] *      0.13 [ -0.11;  0.32]        -0.21 [ -1.33;  0.25]        -0.23 [ -0.85;  0.21]         0.74 [  0.21;  1.16] *       0.89 [  0.40;  1.25] *       0.72 [                0.22;               1.26] *       0.10 [ -0.03;  0.24]         0.12 [ -0.48;  0.45]  
nodefactor.state_code.MD      0.27 [ -0.04; 14.08]        0.01 [ -0.18;  0.27]        -0.40 [ -0.98; -0.17] *      -1.63 [ -2.90; -0.81] *       0.68 [ -0.17;  1.13]         0.71 [ -0.11;  1.24]                                                                -0.57 [ -0.66; -0.36] *                             
nodefactor.state_code.MI      0.56 [  0.29; 14.58] *      0.12 [ -0.02;  0.54]         0.26 [ -0.65;  0.76]        -0.23 [ -2.16;  0.45]         0.51 [  0.22;  0.78] *       0.68 [  0.30;  0.91] *       0.98 [                0.07;               1.64] *      -0.83 [ -1.12; -0.57] *      -0.22 [ -0.93;  0.21]  
nodefactor.state_code.MN      0.82 [  0.55; 14.69] *      0.53 [  0.38;  0.91] *                                                                                                                                                                                   0.32 [  0.19;  0.45] *                             
nodefactor.state_code.NA      0.31 [  0.02; 14.34] *     -0.20 [ -0.24; -0.07] *      -0.37 [ -0.99; -0.10] *      -0.54 [ -1.00; -0.18] *       0.17 [ -0.42;  0.55]         0.33 [ -0.22;  0.72]         0.84 [                0.32;               1.38] *      -0.11 [ -0.27;  0.09]        -0.08 [ -0.54;  0.30]  
nodefactor.state_code.NC      0.11 [ -0.15; 13.70]       -0.96 [ -1.42; -0.17] *                                    0.97 [ -0.40;  1.83]                                                                   0.28 [               -0.20;               0.81]         0.32 [  0.24;  0.49] *      -0.67 [ -1.18; -0.27] *
nodefactor.state_code.NJ      0.78 [  0.49; 14.75] *     -0.58 [ -0.67; -0.23] *                                                                 0.05 [ -0.56;  0.67]         0.26 [ -0.21;  0.76]        -1.02 [               -2.27;              -0.17] *      -1.48 [ -2.57; -0.84] *      -0.55 [-12.49; -0.21] *
nodefactor.state_code.NV      0.43 [ -0.06; 14.08]        0.57 [  0.23;  0.67] *                                                                                                                           0.46 [               -0.53;               1.47]        -0.65 [ -1.27;  0.01]        -0.46 [ -0.99; -0.02] *
nodefactor.state_code.NY     -0.23 [ -0.46; 13.62]       -0.16 [ -0.35;  0.07]         0.06 [ -0.55;  0.31]        -0.59 [ -1.14; -0.18] *       0.67 [  0.04;  0.90] *       0.79 [  0.22;  0.98] *       1.58 [                0.99;               2.15] *      -0.11 [ -0.49;  0.17]         0.80 [  0.26;  1.18] *
nodefactor.state_code.ON      0.07 [ -0.16; 13.64]       -0.13 [ -0.23;  0.06]        -0.27 [ -1.01;  0.23]                                     -0.41 [ -0.77; -0.17] *      -0.20 [ -0.54; -0.09] *       0.70 [                0.33;               1.08] *       0.05 [ -0.11;  0.27]        -0.17 [ -0.65;  0.26]  
nodefactor.state_code.OR      1.34 [  0.91; 15.43] *      1.15 [  1.03;  1.37] *       0.59 [  0.13;  0.86] *       0.18 [ -0.26;  0.54]         1.39 [  0.77;  1.65] *       1.56 [  1.00;  1.82] *       1.39 [                0.85;  62048119934501.65] *      -0.53 [ -0.72; -0.25] *       0.45 [ -0.24;  0.76]  
nodefactor.state_code.PA      0.82 [  0.47; 14.63] *     -0.05 [ -0.31;  0.11]        -0.69 [ -1.12; -0.41] *       0.08 [ -0.04;  0.35]         0.53 [ -0.13;  0.88]         0.45 [ -0.26;  0.93]         0.93 [              -10.64;               1.41]        -0.17 [ -0.90;  0.05]        -0.14 [-12.09;  0.12]  
nodefactor.state_code.TN      0.77 [  0.41;  1.11] *      0.22 [ -0.13;  1.03]        -0.30 [ -0.73;  0.07]        -0.14 [ -0.97;  0.77]         0.46 [  0.05;  0.76] *       0.64 [  0.23;  0.85] *                                                              -0.02 [ -0.66;  0.52]                               
nodefactor.state_code.TX      0.31 [ -0.19; 14.34]       -0.09 [ -0.25;  0.07]        -0.20 [ -0.56;  0.03]        -0.52 [ -1.12; -0.08] *       0.51 [ -0.43;  1.29]         0.60 [ -0.31;  1.42]         1.03 [                0.63;               1.47] *      -0.19 [ -0.32; -0.03] *      -0.12 [ -0.52;  0.22]  
nodefactor.state_code.UT      0.75 [  0.29; 15.25] *      0.32 [  0.12;  0.56] *                                                                 0.06 [ -0.46;  0.54]         0.12 [ -0.42;  0.58]         1.15 [                0.71;               1.67] *      -0.11 [ -0.15;  0.00]         0.25 [ -0.20;  0.64]  
nodefactor.state_code.VA      0.77 [  0.41;  1.11] *      0.41 [-12.65;  1.58]         0.31 [ -0.38;  0.49]        -0.29 [ -0.59; -0.03] *       0.30 [ -0.27;  0.61]         0.46 [ -0.12;  0.79]         1.14 [                0.63;               1.67] *      -0.16 [ -0.29; -0.08] *       0.79 [  0.10;  1.23] *
nodefactor.state_code.WA      0.34 [  0.04; 14.55] *      0.40 [  0.07;  1.14] *      -1.22 [ -1.87; -0.66] *      -0.38 [ -0.98;  0.04]         0.43 [ -0.12;  0.79]         0.56 [  0.00;  0.89] *       0.94 [                0.51;               1.44] *      -0.22 [ -0.33; -0.01] *      -0.10 [ -0.57;  0.28]  
nodefactor.state_code.WI      0.21 [  0.04;  0.32] *      0.40 [-12.64;  1.56]         0.16 [ -0.31;  0.38]        -0.50 [ -0.73; -0.34] *                                                                 0.92 [                0.53;               1.38] *       0.02 [-11.66;  2.56]        -0.62 [ -1.13; -0.12] *
nodematch.state_code          0.08 [ -0.06;  0.16]        0.19 [  0.13;  0.23] *       0.49 [  0.47;  0.52] *       0.44 [  0.40;  0.48] *       0.21 [  0.12;  0.30] *       0.12 [  0.04;  0.24] *      -0.13 [               -0.17;              -0.01] *      -0.22 [ -0.24; -0.19] *      -0.16 [ -0.21; -0.06] *
nodecov.age                   0.00 [ -0.00;  0.00]       -0.00 [ -0.01;  0.00]         0.00 [ -0.00;  0.00]         0.01 [  0.01;  0.02] *      -0.00 [ -0.01; -0.00] *      -0.00 [ -0.01; -0.00] *       0.01 [                0.01;    850077919087.59] *       0.02 [  0.02;  0.03] *       0.01 [  0.01;  0.01] *
edgecov.mmc[[i]]              1.58 [  1.46;  1.87] *      1.04 [  0.66;  1.40] *       1.31 [  1.13;  1.73] *       1.78 [  1.52;  2.19] *       0.07 [ -0.04;  0.32]        -0.01 [ -0.38;  0.60]         0.03 [  -42262420695870.27;               0.47]         0.32 [  0.14;  0.56] *       0.23 [  0.03;  0.61] *
nodecov.net_risk              0.47 [  0.39;  0.56] *      0.52 [  0.19;  0.59] *       0.48 [  0.36;  0.60] *       0.46 [  0.25;  0.55] *       0.31 [  0.19;  0.49] *       0.30 [  0.18;  0.50] *       0.35 [  -23150917662720.50;               0.49]         0.45 [  0.35;  0.58] *       0.47 [  0.37;  0.55] *
nodecov.net_risk_lag          0.04 [ -0.03;  0.05]        0.01 [ -0.04;  0.02]        -0.04 [ -0.09;  0.03]         0.01 [ -0.02;  0.11]        -0.01 [ -0.08;  0.13]        -0.01 [ -0.09;  0.13]         0.06 [               -0.02;  95345103243048.56]         0.02 [ -0.03;  0.02]         0.02 [ -0.04;  0.03]  
nodematch.npm                 4.72 [  4.48;  5.16] *      4.11 [  3.88;  4.47] *       3.53 [  3.31;  4.02] *       3.35 [  3.21;  3.63] *       3.68 [  3.57;  4.07] *       3.56 [  3.46;  3.99] *       3.77 [                3.60; 361225050906176.44] *       4.27 [  3.96;  4.66] *       4.27 [  4.11;  4.70] *
nodematch.ipo_status.0       -0.58 [ -0.85; -0.15] *     -0.61 [ -0.99; -0.04] *      -0.60 [ -1.26; -0.29] *       0.68 [  0.38;  0.88] *      -0.81 [ -1.24; -0.61] *      -0.82 [ -1.26; -0.61] *       0.01 [               -0.09;   9928915090522.07]        -0.57 [ -0.66; -0.40] *      -0.33 [ -0.58; -0.11] *
nodematch.ipo_status.1       -0.01 [ -0.55;  0.83]        0.37 [  0.18;  0.70] *      -0.79 [ -1.17; -0.43] *      -1.39 [ -1.90; -0.57] *      -2.36 [ -3.80; -1.50] *      -1.82 [ -2.89; -1.18] *      -0.15 [  -16321558936594.68;              -0.07] *      -0.17 [ -0.29; -0.02] *      -0.30 [ -0.39; -0.14] *
nodecov.constraint           -5.64 [ -6.08; -3.64] *     -5.09 [ -5.28; -4.33] *      -5.84 [ -7.65; -4.14] *      -5.02 [ -6.66; -3.59] *      -5.05 [ -6.49; -3.63] *      -5.06 [ -6.90; -3.49] *      -5.68 [ -630660119034233.75;              -4.97] *      -8.09 [ -8.80; -6.92] *      -6.63 [ -7.53; -5.77] *
absdiff.constraint            2.68 [  2.27;  2.78] *      1.78 [  1.29;  1.92] *       4.29 [  3.21;  5.39] *       3.05 [  2.08;  4.44] *       4.78 [  4.26;  5.31] *       4.90 [  4.35;  5.59] *       3.99 [                3.48; 302012920658200.38] *       5.62 [  4.85;  6.10] *       4.58 [  3.59;  5.49] *
edgecov.sim[[i]]              0.73 [  0.61;  1.26] *      0.72 [  0.65;  0.99] *       2.00 [  1.52;  2.48] *       0.86 [  0.63;  1.06] *       0.59 [  0.33;  0.98] *       0.36 [ -0.05;  1.00]         0.67 [                0.16; 148110297782603.88] *      -0.24 [ -0.60;  0.02]         1.09 [  0.78;  1.33] *
nodefactor.state_code.MS                                 -0.37 [ -0.52;  0.11]                                                                                                                                                                                                                                        
nodefactor.state_code.CT                                                               0.29 [ -0.30;  0.58]         0.22 [ -0.33;  0.63]        -0.66 [ -1.26;  0.75]        -0.37 [ -1.02;  0.94]         1.37 [                0.87;               1.85] *      -0.54 [ -0.64; -0.39] *       0.10 [ -0.54;  0.56]  
nodefactor.state_code.DE                                                              -0.56 [ -1.94;  0.30]                                      0.04 [ -0.44;  0.25]        -0.06 [ -0.46;  0.14]         1.38 [                0.10; 252489827760545.06] *      -0.37 [-11.21; -0.15] *                             
nodefactor.state_code.ID                                                              -0.63 [-11.98;  0.07]        -0.80 [-12.21; -0.14] *                                                                                                                                                                            
nodefactor.state_code.MO                                                              -0.24 [ -0.94;  0.24]        -0.45 [ -0.76; -0.01] *                                                                 0.57 [               -0.33;               1.12]        -0.14 [ -0.79;  0.11]        -0.10 [ -1.11;  0.40]  
nodefactor.state_code.OH                                                              -0.03 [ -0.49;  0.16]        -0.47 [ -0.82; -0.20] *                                                                 1.50 [                0.80;   8004145365891.35] *      -1.69 [ -3.01; -0.14] *       0.41 [ -0.28;  0.90]  
nodefactor.state_code.QC                                                               0.58 [ -0.10;  0.87]        -0.05 [ -0.39;  0.24]                                                                   1.08 [                0.71;               1.41] *      -0.26 [ -0.42;  0.02]         0.20 [ -0.19;  0.42]  
nodefactor.state_code.SD                                                                                            0.43 [ -0.20;  2.05]        -0.24 [ -0.94;  0.22]        -0.12 [ -0.98;  0.37]                                                                                                                    
nodefactor.state_code.IA                                                                                                                         0.80 [  0.10;  1.15] *       0.96 [  0.34;  1.29] *                                                                                                                  
nodefactor.state_code.ME                                                                                                                         0.81 [  0.02;  1.32] *       0.93 [  0.02;  1.43] *                                                                                                                  
nodefactor.state_code.NE                                                                                                                         0.08 [ -0.64;  0.53]         0.22 [ -0.54;  0.61]                                                                -1.46 [-12.37; -1.12] *                             
nodefactor.state_code.NS                                                                                                                         0.44 [ -0.22;  0.83]         0.63 [  0.07;  1.04] *       0.06 [               -0.26;               0.66]         0.99 [  0.91;  1.15] *                             
nodefactor.state_code.RI                                                                                                                         0.86 [  0.18;  1.18] *       1.02 [  0.46;  1.34] *                                                                                                                  
nodefactor.state_code.SC                                                                                                                         0.16 [ -0.41;  1.26]         0.39 [ -0.14;  1.61]                                                                                                                    
nodefactor.state_code.MT                                                                                                                                                                                   0.86 [ -713336546892308.88;               3.34]        -0.30 [ -0.53; -0.04] *       0.25 [-12.20;  1.89]  
nodefactor.state_code.NH                                                                                                                                                                                   1.21 [                0.71;               1.77] *      -0.93 [ -1.01; -0.67] *      -0.06 [ -0.76;  0.63]  
nodefactor.state_code.NL                                                                                                                                                                                   1.91 [                1.68;               2.29] *                                    0.80 [  0.31;  1.10] *
nodefactor.state_code.OK                                                                                                                                                                                                                                          -0.62 [-11.45; -0.37] *                             
nodefactor.state_code.WV                                                                                                                                                                                                                                          -0.65 [ -0.90; -0.13] *                             
nodefactor.state_code.KY                                                                                                                                                                                                                                                                       -0.07 [ -0.50;  0.39]  
----------------------------------------------------------------------------------------------------------------------------------------------------------------------------------------------------------------------------------------------------------------------------------------------------------------------
Num. obs.                 72951                       49581                       127412                       125678                       289756                       256479                       466238                                                  391577                       246904                     
======================================================================================================================================================================================================================================================================================================================
* 0 outside the confidence interval
