
=============================================================================================================================================================================================================================================================================================================================================================================================================================================
                          clarabridge                                               medallia                                                   qualtrics                                                satmetrix                                                 confirmit                                                  empathica                                                allegiance                                             
---------------------------------------------------------------------------------------------------------------------------------------------------------------------------------------------------------------------------------------------------------------------------------------------------------------------------------------------------------------------------------------------------------------------------------------------
edges                         -5.34 [-3587627751884255.00;                -5.19] *      -5.79 [-4333035568935046.00;                 -5.28] *      -3.50 [-3160476956742531.50;               -2.60] *      -4.06 [-3456979944569813.50;    10489883362282.40]        -4.76 [-2789344244801504.50;                 -4.34] *      -5.16 [-2083537962154282.75;               -5.16] *      -4.96 [-3229152933827189.00;               -0.92] *
gwesp.fixed.0                 -0.25 [  -79640121723070.95;    15821512960214.10]        -0.22 [ -126114179603123.61;      5107599001866.93]         0.16 [  -26487822501769.16;   30005201709895.96]        -0.15 [  -93759238021211.83;   161272576987532.25]        -0.16 [  -23872006424454.97;     43634466680540.55]        -0.20 [ -143119303116878.94;   15139994652577.34]        -0.11 [               -0.43;  186502943165925.56]  
gwdegree                      -3.18 [ -188576463794308.09;     3686054739230.57]        -2.73 [ -793609086507647.25;    622523115244092.50]        -2.09 [ -254207610415992.28;  562571540028527.50]        -2.93 [ -932149763559767.38;   307469015760090.31]        -2.68 [ -210620931052867.12;    274441855222316.88]        -3.04 [-1213310307811356.75;               -1.82] *      -2.79 [               -3.51;  266334896201283.12]  
cycle3                         0.53 [                0.46;   245136553642984.06] *       0.86 [                0.81;    277550763715916.97] *       0.74 [                0.68;  235137647285948.25] *       0.90 [                0.83;   294230210181026.94] *       0.90 [    -258637481066.49;    220823778859909.12]         0.86 [                0.74;  332977890135485.38] *       1.05 [                1.01;  282471206930502.06] *
cycle4                         0.07 [  -28247270652168.59;    16460318187964.72]         0.08 [                0.07;     41833571599725.52] *       0.20 [                0.18;   67772353470064.62] *       0.10 [  -19116054216672.75;    57778836049064.16]         0.10 [    -297909162778.89;     45557690054651.23]         0.07 [  -36806004856282.75;   44365606647409.04]         0.05 [  -26927227584537.18;   18798496811259.93]  
cycle5                        -0.00 [    -951175003766.71;     1586054285174.18]        -0.03 [   -8948640141775.63;                 -0.03] *      -0.04 [  -10663674142573.37;               -0.04] *      -0.03 [   -7123539349507.51;     1812357692761.69]        -0.03 [  -10020794837002.20;                 -0.02] *      -0.02 [   -7361637351733.84;    2367233412273.85]        -0.01 [   -2166996163123.95;               -0.01] *
cycle6                        -0.00 [    -369696263304.98;                 0.00]         0.00 [      -5515670383.03;       655044393155.29]         0.00 [                0.00;     439528150757.34] *       0.00 [    -752343188968.54;       36060159880.13]         0.00 [                0.00;       578460414100.84] *       0.00 [    -488841978391.96;       1107321548.02]         0.00 [     -59986582399.34;     256251734676.78]  
nodematch.state_code          -0.22 [ -392953786704359.31;                -0.17] *      -0.19 [  -84322125257960.80;     19888124431862.46]        -0.10 [ -117772568955916.83;                0.07]        -0.19 [ -134575476492952.92;                -0.02] *      -0.14 [ -233417380313733.94;       118201246345.24]        -0.40 [ -211102365045628.16;               -0.31] *      -0.22 [  -96808817834280.34;   27436416590759.27]  
nodecov.age                    0.01 [                0.01;     1980616390191.09] *       0.01 [                0.01;      4934202749399.17] *      -0.00 [    -990573970332.71;    1208315889879.27]         0.01 [                0.01;     4294081495323.55] *       0.01 [                0.01;      1461998658533.16] *       0.01 [                0.01;    5287028127656.39] *      -0.00 [    -292854550170.51;      85763862965.96]  
edgecov.mmc[[i]]               0.30 [                0.06;   510901558669334.00] *       0.36 [ -234707423600256.38;     91293249650475.22]         0.47 [                0.39;  293711982356903.69] *       0.31 [ -135007831776960.44;   174197596264121.62]         0.26 [ -127352092332500.59;     31791787285381.76]         0.48 [ -184942481782182.72;  214314790892887.97]        -0.22 [ -182092356315669.38;                0.00]  
nodecov.net_risk               0.16 [                0.14; 34488218747784568.00] *       0.00 [ -364269406316001.31; 189323382772788960.00]         0.00 [                0.00;    1955635748925.09] *       0.01 [ -579280093462586.50; 33812974984915480.00]         0.00 [                0.00; 200985912223337024.00] *       0.01 [-4375000256977342.50; 1349805897922221.50]         0.00 [               -0.00;    1179841473005.59]  
nodecov.net_risk_lag           0.11 [               -2.67; 24112239930556276.00]         0.00 [ -267483530585061.22;     70602774297088.23]         0.00 [                0.00;    1002172869122.37] *       0.00 [  -39917519107963.04;  1085135214333350.62]         0.00 [ -174919500608703.28;       525171816624.14]         0.00 [ -772666417899974.62; 1077494793474682.12]         0.00 [    -242744871340.63;     562534502769.46]  
nodematch.npm                  4.17 [                4.09;  2655572985900756.50] *       3.62 [                3.48;   1927027219333946.75] *       3.24 [                3.11; 2833060351069545.00] *       3.96 [                3.94;  2465958014824759.00] *       3.40 [                3.32;   2077176587699067.00] *       3.91 [                3.73; 1610721582886071.25] *       3.92 [                3.73; 2888533657869972.00] *
nodematch.ipo_status.0        -0.01 [ -139006281031433.67;   133059697717232.20]         0.23 [                0.07;    332925824044768.56] *      -0.54 [ -209076085415728.38;               -0.47] *       0.12 [   -3379020012277.85;   147355560769878.75]         0.02 [ -156574131005872.09;     33437974763912.12]         0.37 [  -34218645560804.56;  275213926427332.00]        -1.45 [ -374061164477979.50;               -1.36] *
nodematch.ipo_status.1         0.01 [  -97319041890213.14;    29464439277070.30]         0.03 [  -93791790606247.69;     23603829247403.14]        -0.37 [ -109585380521085.62;  112705888115324.03]        -0.20 [ -205659417658192.06;                 0.00]        -0.25 [ -119563434300937.80;                 -0.12] *       0.03 [ -164748149305130.47;   33568460872376.57]        -0.20 [  -65990005090725.84;   16498816174066.72]  
nodecov.constraint            -5.88 [-1194578191367869.00;                -5.21] *      -4.04 [-2928821153192437.00;      4704306880539.43]        -2.30 [ -193283952043119.69;  446886890974141.69]        -4.80 [-1365225397156915.50;                -4.18] *      -4.26 [ -563786494746008.62;                 -2.80] *      -5.21 [-3092453581641053.50;               -4.41] *      -5.74 [ -844450724379515.38;               -5.26] *
absdiff.constraint             4.55 [   -2640624427023.28;   423342343936979.94]         3.27 [ -802556528672381.12;   2558115636441097.00]         2.04 [ -724774198350402.62;                2.47]         3.84 [ -243172484264309.97;  1290132474192916.00]         3.64 [-3128621240040390.00;                  4.24]         4.38 [  -33257948355853.50; 2697208278747920.00]         5.30 [                4.82;  782639584623335.25] *
---------------------------------------------------------------------------------------------------------------------------------------------------------------------------------------------------------------------------------------------------------------------------------------------------------------------------------------------------------------------------------------------------------------------------------------------
Num. obs.                 390758                                                    465907                                                     602502                                                   246897                                                    572341                                                     179245                                                   904976                                                 
=============================================================================================================================================================================================================================================================================================================================================================================================================================================
* 0 outside the confidence interval
