
============================================================================================================================================================
                        m1                        m2                        m3a                       m3b                         m4b                       
------------------------------------------------------------------------------------------------------------------------------------------------------------
edges                     -4.76 [-7.05; -4.44] *    -4.75 [-6.81; -4.44] *    -5.03 [-7.26; -4.63] *    -5.04 [ -6.98;  -4.63] *    -5.05 [ -7.37;  -4.67] *
gwesp                      0.54 [ 0.18;  0.83] *     0.54 [ 0.22;  0.85] *     0.54 [ 0.21;  1.07] *     0.54 [  0.26;   0.84] *     0.54 [  0.18;   0.82] *
triangle                   0.67 [ 0.25;  0.81] *     0.67 [ 0.13;  0.84] *     0.67 [-0.32;  0.80]       0.67 [  0.25;   0.84] *     0.66 [  0.09;   0.84] *
cycle4                     0.21 [ 0.17;  0.30] *     0.21 [ 0.17;  0.31] *     0.21 [ 0.17;  0.31] *     0.21 [  0.17;   0.30] *     0.21 [  0.17;   0.30] *
cycle5                    -0.04 [-0.05;  0.00]      -0.04 [-0.05;  0.03]      -0.04 [-0.05;  0.21]      -0.04 [ -0.05;   0.00]      -0.04 [ -0.05;   0.04]  
cycle6                     0.00 [-0.00;  0.00]       0.00 [-0.01;  0.00]       0.00 [-0.04;  0.00]       0.00 [ -0.01;   0.00]       0.00 [ -0.01;   0.00]  
nodecov.env_risk           0.00 [ 0.00;  1.32] *     0.00 [ 0.00;  1.16] *     0.00 [ 0.00;  1.21] *     0.00 [  0.00;   1.04] *    -0.00 [ -0.00;   1.22]  
edgecov.mmc                                         -0.08 [-0.30;  0.58]      -0.08 [-0.34;  0.63]      -0.06 [ -0.27;   0.65]      -0.05 [ -0.32;   0.60]  
nodematch.ipo_status                                                           0.30 [ 0.15;  0.68] *                                                        
nodematch.ipo_status.0                                                                                   0.30 [  0.15;   0.63] *     0.28 [  0.19;   0.56] *
nodematch.ipo_status.1                                                                                 -11.94 [-16.60; -12.94] *   -11.91 [-16.75; -13.92] *
nodecov.env_risk_lag                                                                                                                 0.01 [ -0.00;   0.73]  
------------------------------------------------------------------------------------------------------------------------------------------------------------
Num. obs.               8559                      8961                      9477                      9486                        9766                      
============================================================================================================================================================
* 0 outside the confidence interval
