

##------ Fri Aug  3 23:12:03 2018 ------##


------------ estimating TERGM for: medallia --------------
Using 24 cores
             t=2 t=3 t=4 t=5 t=6 t=7 t=8 t=9 t=10 t=11
nets (row)   490 490 490 490 490 490 490 490  490  490
nets (col)   490 490 490 490 490 490 490 490  490  490
mmc (row)    490 490 490 490 490 490 490 490  490  490
mmc (col)    490 490 490 490 490 490 490 490  490  490
cpa (row)    490 490 490 490 490 490 490 490  490  490
cpa (col)    490 490 490 490 490 490 490 490  490  490
memory (row) 490 490 490 490 490 490 490 490  490  490
memory (col) 490 490 490 490 490 490 490 490  490  490
             t=2 t=3 t=4 t=5 t=6 t=7 t=8 t=9 t=10 t=11
nets (row)   490 490 490 490 490 490 490 490  490  490
nets (col)   490 490 490 490 490 490 490 490  490  490
mmc (row)    490 490 490 490 490 490 490 490  490  490
mmc (col)    490 490 490 490 490 490 490 490  490  490
cpa (row)    490 490 490 490 490 490 490 490  490  490
cpa (col)    490 490 490 490 490 490 490 490  490  490
memory (row) 490 490 490 490 490 490 490 490  490  490
memory (col) 490 490 490 490 490 490 490 490  490  490
finished successfully.