

##------ Sun Feb 24 05:44:03 2019 ------##


------------ estimating TERGM for: getfeedback --------------
Using 4 cores
 t=1 t=2 t=3 t=4 t=5 t=6 t=7 t=8 t=9 t=10 t=11
   1   2   3   4   5   6   7   8   9   10   11
               t=2 t=3 t=4 t=5 t=6 t=7 t=8 t=9 t=10 t=11
nets (row)     331 331 331 331 331 331 331 331  331  331
nets (col)     331 331 331 331 331 331 331 331  331  331
cossim (row)   331 331 331 331 331 331 331 331  331  331
cossim (col)   331 331 331 331 331 331 331 331  331  331
centjoin (row) 331 331 331 331 331 331 331 331  331  331
centjoin (col) 331 331 331 331 331 331 331 331  331  331
shinv (row)    331 331 331 331 331 331 331 331  331  331
shinv (col)    331 331 331 331 331 331 331 331  331  331
mmc (row)      331 331 331 331 331 331 331 331  331  331
mmc (col)      331 331 331 331 331 331 331 331  331  331
memory (row)   331 331 331 331 331 331 331 331  331  331
memory (col)   331 331 331 331 331 331 331 331  331  331
timecov1 (row) 331 331 331 331 331 331 331 331  331  331
timecov1 (col) 331 331 331 331 331 331 331 331  331  331
               t=2 t=3 t=4 t=5 t=6 t=7 t=8 t=9 t=10 t=11
nets (row)     331 331 331 331 331 331 331 331  331  331
nets (col)     331 331 331 331 331 331 331 331  331  331
cossim (row)   331 331 331 331 331 331 331 331  331  331
cossim (col)   331 331 331 331 331 331 331 331  331  331
centjoin (row) 331 331 331 331 331 331 331 331  331  331
centjoin (col) 331 331 331 331 331 331 331 331  331  331
shinv (row)    331 331 331 331 331 331 331 331  331  331
shinv (col)    331 331 331 331 331 331 331 331  331  331
mmc (row)      331 331 331 331 331 331 331 331  331  331
mmc (col)      331 331 331 331 331 331 331 331  331  331
memory (row)   331 331 331 331 331 331 331 331  331  331
memory (col)   331 331 331 331 331 331 331 331  331  331
timecov1 (row) 331 331 331 331 331 331 331 331  331  331
timecov1 (col) 331 331 331 331 331 331 331 331  331  331
finished successfully.