

##------ Thu Nov 16 07:55:38 2017 ------##


------------ estimating TERGM for: qualtrics --------------
Using 4 cores
             t=2 t=3 t=4 t=5 t=6 t=7
nets (row)   583 583 583 583 583 583
nets (col)   583 583 583 583 583 583
mmc (row)    583 583 583 583 583 583
mmc (col)    583 583 583 583 583 583
memory (row) 583 583 583 583 583 583
memory (col) 583 583 583 583 583 583
             t=2 t=3 t=4 t=5 t=6 t=7
nets (row)   583 583 583 583 583 583
nets (col)   583 583 583 583 583 583
mmc (row)    583 583 583 583 583 583
mmc (col)    583 583 583 583 583 583
memory (row) 583 583 583 583 583 583
memory (col) 583 583 583 583 583 583


##------ Mon Dec 11 19:20:19 2017 ------##


------------ estimating TERGM for: qualtrics --------------
Using 24 cores
             t=2 t=3 t=4 t=5 t=6 t=7
nets (row)   583 583 583 583 583 583
nets (col)   583 583 583 583 583 583
mmc (row)    583 583 583 583 583 583
mmc (col)    583 583 583 583 583 583
memory (row) 583 583 583 583 583 583
memory (col) 583 583 583 583 583 583
             t=2 t=3 t=4 t=5 t=6 t=7
nets (row)   583 583 583 583 583 583
nets (col)   583 583 583 583 583 583
mmc (row)    583 583 583 583 583 583
mmc (col)    583 583 583 583 583 583
memory (row) 583 583 583 583 583 583
memory (col) 583 583 583 583 583 583
  Skipping this statistic for the following reason: Error in as.matrix(mat) != t(as.matrix(mat)): non-conformable arrays

    obs: mean median    min    max  sim: mean median    min    max    Pr(>z)
0  3.2923e+05 330296 317020 339302 3.2756e+05 332343 307630 339216 0.6883209
1  7.8634e+03   7650      4  16882 9.0931e+03   5676     90  24212 0.6980347
2  1.4903e+03    938      0   3570 1.8339e+03    806      0   5366 0.6040569
3  3.7429e+02    202      0    960 4.2256e+02    167      0   1344 0.7817016
4  1.3686e+02     90      0    354 1.5777e+02     66      0    560 0.7425174
5  6.5714e+01     52      0    164 6.8740e+01     36      0    242 0.9175978
6  3.1429e+01     28      0     66 3.4427e+01     24      0    118 0.8142368
7  2.0286e+01     26      0     40 2.0803e+01     14      0     68 0.9467288
8  1.7714e+01     14      0     50 1.7850e+01     14      0     52 0.9860179
9  1.1143e+01      6      0     36 1.7693e+01      9      0     56 0.2526649
10 1.0000e+01      2      0     36 1.6243e+01      4      0     68 0.2736164
11 2.6571e+01      0      0     82 2.6807e+01      6      0     92 0.9877355
12 1.7143e+01      2      0     58 1.8833e+01      1      0     86 0.8784916
13 6.2857e+00      0      0     18 5.2900e+00      0      0     30 0.7685250
14 2.8571e+00      0      0     10 2.3367e+00      0      0     14 0.7878031
15 1.7143e+00      0      0      6 1.7700e+00      0      0     10 0.9616274
16 1.1429e+00      0      0      4 1.6900e+00      0      0     12 0.4897417
17 2.8571e-01      0      0      2 7.1333e-01      0      0      6 0.1885373
18 5.7143e-01      0      0      2 5.2000e-01      0      0      6 0.8942721
19 0.0000e+00      0      0      0 7.6667e-02      0      0      2 1.320e-06
20 0.0000e+00      0      0      0 4.3333e-02      0      0      2 0.0002937
21 5.7143e-01      0      0      2 1.5000e-01      0      0      2 0.2972330
22 2.8571e-01      0      0      2 2.0667e-01      0      0      2 0.7919489
23 0.0000e+00      0      0      0 2.5333e-01      0      0      2 < 2.2e-16
24 0.0000e+00      0      0      0 8.6667e-02      0      0      2 2.617e-07
25 0.0000e+00      0      0      0 6.0000e-02      0      0      2 1.958e-05
26 1.1429e+00      0      0      4 2.0333e-01      0      0      4 0.2500691
27 0.0000e+00      0      0      0 9.3333e-02      0      0      4 2.551e-06
28 0.0000e+00      0      0      0 1.2333e-01      0      0      2 6.739e-10
29 0.0000e+00      0      0      0 1.4333e-01      0      0      2 2.534e-11
30 0.0000e+00      0      0      0 1.9667e-01      0      0      2 3.520e-15
31 0.0000e+00      0      0      0 3.1333e-01      0      0      4 < 2.2e-16
32 0.0000e+00      0      0      0 2.9667e-01      0      0      4 < 2.2e-16
33 0.0000e+00      0      0      0 1.1000e-01      0      0      4 4.096e-08
34 0.0000e+00      0      0      0 5.6667e-02      0      0      2 3.360e-05
35 0.0000e+00      0      0      0 4.6667e-02      0      0      2 0.0001706
36 0.0000e+00      0      0      0 3.3333e-02      0      0      2 0.0015160
37 0.0000e+00      0      0      0 3.3333e-03      0      0      2 0.3177143
38 0.0000e+00      0      0      0 0.0000e+00      0      0      0 1.0000000
39 0.0000e+00      0      0      0 3.3333e-03      0      0      2 0.3177143
40 0.0000e+00      0      0      0 1.3333e-02      0      0      2 0.0454096
41 0.0000e+00      0      0      0 0.0000e+00      0      0      0 1.0000000
      
0     
1     
2     
3     
4     
5     
6     
7     
8     
9     
10    
11    
12    
13    
14    
15    
16    
17    
18    
19 ***
20 ***
21    
22    
23 ***
24 ***
25 ***
26    
27 ***
28 ***
29 ***
30 ***
31 ***
32 ***
33 ***
34 ***
35 ***
36 ** 
37    
38    
39    
40 *  
41    

  obs: mean median min  max sim: mean median min  max Pr(>z)
0    1254.6   1438  16 2568      1411   1139 162 3086 0.7417
1       0.0      0   0    0         0      0   0    0 1.0000

   obs: mean median min max  sim: mean median min max    Pr(>z)    
0  274.42857    153  23 569 2.2227e+02  225.0  13 455 0.6168943    
1  109.71429    168  12 177 1.3291e+02  133.0  93 181 0.4647803    
2   60.85714     96   2 107 7.2477e+01   79.0  14 133 0.5777273    
3   37.42857     47   0  74 4.4660e+01   37.5   2 105 0.6057083    
4   24.42857     33   0  48 2.7813e+01   18.5   0  76 0.7164244    
5   16.71429     14   0  36 1.8217e+01   13.5   0  54 0.8262301    
6   13.42857     13   0  29 1.3213e+01    8.5   0  49 0.9680726    
7    6.57143      6   0  14 9.3233e+00    6.0   0  31 0.3206941    
8    6.42857      5   0  15 6.5800e+00    4.0   0  23 0.9534694    
9    5.57143      4   0  12 5.5683e+00    3.0   0  20 0.9989396    
10   3.42857      6   0   6 4.3200e+00    3.0   0  16 0.4932558    
11   2.28571      3   0   5 3.3267e+00    2.0   0  17 0.2639760    
12   3.14286      4   0   6 3.1517e+00    2.0   0  13 0.9941383    
13   3.71429      3   0   8 3.2050e+00    1.0   0  13 0.7400805    
14   1.85714      2   0   4 2.4533e+00    1.0   0  10 0.4341669    
15   1.42857      0   0   4 1.6600e+00    0.0   0   9 0.7597045    
16   1.28571      1   0   3 1.2333e+00    0.0   0   6 0.9237464    
17   2.42857      1   0   6 1.4933e+00    0.0   0   9 0.4148927    
18   0.42857      0   0   1 1.2600e+00    0.0   0   8 0.0052020 ** 
19   0.42857      0   0   1 8.8833e-01    0.0   0   6 0.0644372 .  
20   0.42857      0   0   1 5.8667e-01    0.0   0   4 0.4690781    
21   0.42857      0   0   1 5.3333e-01    0.0   0   4 0.6264074    
22   0.85714      0   0   2 4.5333e-01    0.0   0   4 0.3571154    
23   0.28571      0   0   1 2.7333e-01    0.0   0   3 0.9489933    
24   0.42857      0   0   2 2.1500e-01    0.0   0   2 0.5002819    
25   0.14286      0   0   1 2.4000e-01    0.0   0   4 0.5257237    
26   0.57143      0   0   2 2.6500e-01    0.0   0   4 0.3435326    
27   0.42857      0   0   2 2.3667e-01    0.0   0   3 0.5434139    
28   0.00000      0   0   0 2.2333e-01    0.0   0   3 < 2.2e-16 ***
29   0.00000      0   0   0 2.5500e-01    0.0   0   2 < 2.2e-16 ***
30   0.28571      0   0   1 2.3167e-01    0.0   0   3 0.7804535    
31   0.42857      0   0   1 1.9833e-01    0.0   0   2 0.2990805    
32   0.00000      0   0   0 1.8167e-01    0.0   0   3 < 2.2e-16 ***
33   0.14286      0   0   1 1.9167e-01    0.0   0   3 0.7459357    
34   0.00000      0   0   0 2.0333e-01    0.0   0   2 < 2.2e-16 ***
35   0.00000      0   0   0 1.8167e-01    0.0   0   3 < 2.2e-16 ***
36   0.14286      0   0   1 1.3833e-01    0.0   0   2 0.9758741    
37   0.00000      0   0   0 9.5000e-02    0.0   0   2 3.185e-14 ***
38   0.28571      0   0   1 9.5000e-02    0.0   0   2 0.3417045    
39   0.00000      0   0   0 1.1000e-01    0.0   0   1 < 2.2e-16 ***
40   0.14286      0   0   1 9.6667e-02    0.0   0   2 0.7581446    
41   0.00000      0   0   0 5.1667e-02    0.0   0   2 1.191e-07 ***
42   0.14286      0   0   1 2.0000e-02    0.0   0   1 0.4230653    
43   0.00000      0   0   0 3.8333e-02    0.0   0   1 1.320e-06 ***
44   0.14286      0   0   1 2.3333e-02    0.0   0   1 0.4351213    
45   0.42857      0   0   1 4.3333e-02    0.0   0   1 0.1052403    
46   0.28571      0   0   1 5.1667e-02    0.0   0   2 0.2517425    
47   0.28571      0   0   1 8.3333e-02    0.0   0   2 0.3151889    
48   0.00000      0   0   0 1.2167e-01    0.0   0   2 < 2.2e-16 ***
49   0.00000      0   0   0 1.6333e-01    0.0   0   2 < 2.2e-16 ***
50   0.00000      0   0   0 1.5333e-01    0.0   0   2 < 2.2e-16 ***
51   0.00000      0   0   0 1.6333e-01    0.0   0   2 < 2.2e-16 ***
52   0.14286      0   0   1 1.5000e-01    0.0   0   2 0.9619367    
53   0.00000      0   0   0 1.1500e-01    0.0   0   2 1.728e-15 ***
54   0.00000      0   0   0 5.1667e-02    0.0   0   2 4.847e-08 ***
55   0.00000      0   0   0 4.3333e-02    0.0   0   1 2.617e-07 ***
56   0.00000      0   0   0 4.3333e-02    0.0   0   1 2.617e-07 ***
57   0.00000      0   0   0 3.8333e-02    0.0   0   1 1.320e-06 ***
58   0.28571      0   0   1 5.5000e-02    0.0   0   2 0.2578498    
59   0.00000      0   0   0 3.8333e-02    0.0   0   2 3.560e-06 ***
60   0.28571      0   0   1 3.3333e-02    0.0   0   2 0.2203861    
61   0.00000      0   0   0 2.8333e-02    0.0   0   1 3.360e-05 ***
62   0.00000      0   0   0 2.1667e-02    0.0   0   1 0.0002937 ***
63   0.00000      0   0   0 3.3333e-02    0.0   0   1 6.654e-06 ***
64   0.00000      0   0   0 4.3333e-02    0.0   0   1 2.617e-07 ***
65   0.00000      0   0   0 2.6667e-02    0.0   0   1 5.770e-05 ***
66   0.00000      0   0   0 3.0000e-02    0.0   0   1 1.958e-05 ***
67   0.00000      0   0   0 1.5000e-02    0.0   0   1 0.0026334 ** 
68   0.00000      0   0   0 5.0000e-03    0.0   0   1 0.0832641 .  
69   0.00000      0   0   0 1.1667e-02    0.0   0   1 0.0080444 ** 
70   0.00000      0   0   0 1.3333e-02    0.0   0   1 0.0045915 ** 
71   0.00000      0   0   0 1.8333e-02    0.0   0   1 0.0008753 ***
72   0.00000      0   0   0 8.3333e-03    0.0   0   1 0.0252246 *  
73   0.00000      0   0   0 1.1667e-02    0.0   0   1 0.0080444 ** 
74   0.00000      0   0   0 6.6667e-03    0.0   0   1 0.0454096 *  
75   0.00000      0   0   0 1.1667e-02    0.0   0   1 0.0080444 ** 
76   0.00000      0   0   0 1.0000e-02    0.0   0   1 0.0141837 *  
77   0.00000      0   0   0 5.0000e-03    0.0   0   1 0.0832641 .  
78   0.00000      0   0   0 1.3333e-02    0.0   0   1 0.0045915 ** 
79   0.00000      0   0   0 6.6667e-03    0.0   0   1 0.0454096 *  
80   0.00000      0   0   0 1.1667e-02    0.0   0   1 0.0080444 ** 
81   0.00000      0   0   0 2.1667e-02    0.0   0   1 0.0002937 ***
82   0.00000      0   0   0 2.6667e-02    0.0   0   1 5.770e-05 ***
83   0.00000      0   0   0 2.6667e-02    0.0   0   1 5.770e-05 ***
84   0.00000      0   0   0 2.0000e-02    0.0   0   1 0.0005066 ***
85   0.00000      0   0   0 1.1667e-02    0.0   0   1 0.0080444 ** 
86   0.00000      0   0   0 1.1667e-02    0.0   0   1 0.0080444 ** 
87   0.00000      0   0   0 1.0000e-02    0.0   0   1 0.0141837 *  
88   0.00000      0   0   0 1.1667e-02    0.0   0   1 0.0080444 ** 
89   0.00000      0   0   0 3.3333e-03    0.0   0   1 0.1574723    
90   0.00000      0   0   0 5.0000e-03    0.0   0   1 0.0832641 .  
91   0.00000      0   0   0 5.0000e-03    0.0   0   1 0.0832641 .  
92   0.00000      0   0   0 0.0000e+00    0.0   0   0 1.0000000    

     obs: mean median   min    max  sim: mean median   min    max    Pr(>z)    
1   1.2546e+03   1438    16   2568 1.4110e+03   1139   162   3086 0.7417469    
2   9.2757e+03   8362     4  20446 1.0869e+04   6375    84  29388 0.6758444    
3   2.2857e+04  20234     0  51416 3.1992e+04  16370    36  90968 0.3521039    
4   4.1629e+04  36610     0  93174 5.0163e+04  29823     2 133376 0.6226051    
5   4.7113e+04  48248     0  99986 3.1664e+04  26723     0  83848 0.4211230    
6   2.4486e+04  36006     0  45376 8.7002e+03   4252     0  34990 0.1211155    
7   3.4783e+03     74     0  16388 1.8040e+03    446     0  11312 0.5144062    
8   1.0894e+03      0     0   6256 4.8836e+02    110     0   3624 0.5213976    
9   2.9200e+02      0     0   1934 1.7923e+02     12     0   1992 0.6953010    
10  6.7429e+01      0     0    462 8.8073e+01      0     0   1354 0.7654788    
11  8.5714e+00      0     0     60 5.0477e+01      0     0   1200 0.0014619 ** 
12  0.0000e+00      0     0      0 3.1913e+01      0     0    892 1.172e-14 ***
13  0.0000e+00      0     0      0 2.1753e+01      0     0    976 6.598e-11 ***
14  0.0000e+00      0     0      0 1.5113e+01      0     0   1156 2.076e-07 ***
15  0.0000e+00      0     0      0 1.0183e+01      0     0   1166 4.762e-05 ***
16  0.0000e+00      0     0      0 7.1100e+00      0     0    960 0.0003304 ***
17  0.0000e+00      0     0      0 4.5000e+00      0     0    674 0.0011513 ** 
18  0.0000e+00      0     0      0 2.7600e+00      0     0    420 0.0022143 ** 
19  0.0000e+00      0     0      0 1.6600e+00      0     0    232 0.0027025 ** 
20  0.0000e+00      0     0      0 8.8667e-01      0     0     96 0.0027557 ** 
21  0.0000e+00      0     0      0 4.0333e-01      0     0     46 0.0056483 ** 
22  0.0000e+00      0     0      0 1.3000e-01      0     0     20 0.0298877 *  
23  0.0000e+00      0     0      0 7.3333e-02      0     0     16 0.0463057 *  
24  0.0000e+00      0     0      0 2.0000e-02      0     0     10 0.2396332    
25  0.0000e+00      0     0      0 3.3333e-03      0     0      2 0.3177143    
26  0.0000e+00      0     0      0 0.0000e+00      0     0      0 1.0000000    
Inf 1.8775e+05 163308 26266 339286 2.0180e+05 227457 16114 338984 0.8117967    
finished successfully.

##------ Tue Dec 12 18:35:53 2017 ------##


------------ estimating TERGM for: qualtrics --------------
Using 4 cores
             t=2 t=3 t=4 t=5 t=6 t=7
nets (row)   583 583 583 583 583 583
nets (col)   583 583 583 583 583 583
mmc (row)    583 583 583 583 583 583
mmc (col)    583 583 583 583 583 583
memory (row) 583 583 583 583 583 583
memory (col) 583 583 583 583 583 583
             t=2 t=3 t=4 t=5 t=6 t=7
nets (row)   583 583 583 583 583 583
nets (col)   583 583 583 583 583 583
mmc (row)    583 583 583 583 583 583
mmc (col)    583 583 583 583 583 583
memory (row) 583 583 583 583 583 583
memory (col) 583 583 583 583 583 583


##------ Sat Nov 18 06:37:41 2017 ------##


------------ estimating TERGM for: qualtrics --------------
Using 4 cores
             t=2 t=3 t=4 t=5 t=6 t=7
nets (row)   583 583 583 583 583 583
nets (col)   583 583 583 583 583 583
mmc (row)    583 583 583 583 583 583
mmc (col)    583 583 583 583 583 583
memory (row) 583 583 583 583 583 583
memory (col) 583 583 583 583 583 583
             t=2 t=3 t=4 t=5 t=6 t=7
nets (row)   583 583 583 583 583 583
nets (col)   583 583 583 583 583 583
mmc (row)    583 583 583 583 583 583
mmc (col)    583 583 583 583 583 583
memory (row) 583 583 583 583 583 583
memory (col) 583 583 583 583 583 583
