
======================================================================================================================
                        f0                 f1                 f2                 f3                 f4                
----------------------------------------------------------------------------------------------------------------------
edges                      -8.173 *           -11.585 *           -9.479 *          -8.365 *           -11.798 *      
                        [-11.235; -7.431]  [-13.569; -9.994]  [-12.691; -7.622]  [-10.995; -7.918]  [-14.471; -10.236]
gwesp.fixed.0               0.268              -0.205 *           -0.002             0.135              -0.124        
                        [ -0.270;  0.649]  [ -0.333; -0.107]  [ -0.272;  0.119]  [ -0.423;  0.552]  [ -0.530;   0.101]
nodematch.state_code       -0.234              -0.211             -0.230            -0.247              -0.144        
                        [ -0.346;  0.067]  [ -0.297;  0.021]  [ -0.347;  0.048]  [ -0.364;  0.038]  [ -0.262;   0.069]
nodecov.age                 0.016 *             0.016 *            0.015 *           0.011 *             0.012 *      
                        [  0.012;  0.020]  [  0.010;  0.020]  [  0.010;  0.019]  [  0.005;  0.017]  [  0.005;   0.019]
edgecov.mmc[[i]]            0.550              -0.607             -0.193            -0.819              -1.316        
                        [ -0.927;  1.734]  [ -1.234;  0.517]  [ -1.068;  1.131]  [ -2.660;  0.614]  [ -2.847;   0.430]
edgecov.ldv[[i]]           10.438 *            10.815 *           10.948 *          10.395 *            10.372 *      
                        [  8.832; 16.054]  [  9.120; 13.804]  [  8.988; 18.057]  [  8.788; 16.701]  [  8.754;  14.001]
nodematch.npm               2.449 *             3.602 *            3.380 *           2.070 *             4.074 *      
                        [  1.441;  3.845]  [  3.350;  4.452]  [  2.896;  4.607]  [  1.273;  4.038]  [  3.598;   5.370]
edgecov.sim[[i]]            1.339               1.213 *            1.622 *          -0.755              -0.215        
                        [ -0.115;  2.219]  [  0.352;  1.530]  [  0.353;  2.674]  [ -1.651;  0.466]  [ -0.507;   0.182]
nodematch.ipo_status.0     -0.831 *            -1.106 *           -0.676 *          -0.333 *            -0.825 *      
                        [ -0.967; -0.736]  [ -1.275; -0.914]  [ -0.884; -0.523]  [ -0.514; -0.192]  [ -1.046;  -0.495]
nodematch.ipo_status.1     -0.271              -0.195             -0.213             0.027               0.019        
                        [ -2.128;  0.233]  [ -1.854;  0.277]  [ -2.369;  0.333]  [ -1.008;  0.397]  [ -0.645;   0.339]
nodecov.net_risk                                0.239 *                                                  0.456 *      
                                           [  0.145;  0.289]                                        [  0.343;   0.488]
nodecov.constraint                                                -0.482                                -6.921 *      
                                                              [ -2.731;  0.831]                     [ -7.885;  -3.554]
absdiff.constraint                                                 3.350 *                               5.158 *      
                                                              [  2.707;  5.109]                     [  3.999;   6.442]
cycle3                                                                               1.220 *             0.756 *      
                                                                                 [  0.490;  1.743]  [  0.542;   1.072]
cycle4                                                                               0.134 *             0.066 *      
                                                                                 [  0.112;  0.190]  [  0.052;   0.095]
cycle5                                                                              -0.017 *            -0.017 *      
                                                                                 [ -0.021; -0.014]  [ -0.022;  -0.014]
----------------------------------------------------------------------------------------------------------------------
Num. obs.               34669              323045             225298             97918              324586            
======================================================================================================================
* 0 outside the confidence interval
