
==============================================================================================================================================================================================================================================================================================
                          medallia                      clarabridge                  qualtrics                    satmetrix                    confirmit                    empathica                     allegiance                   customergauge                mindshare-technologies    
----------------------------------------------------------------------------------------------------------------------------------------------------------------------------------------------------------------------------------------------------------------------------------------------
edges                        -13.36 [-15.16; -10.84] *     -11.04 [-12.29; -9.08] *      -8.13 [-10.59; -5.45] *     -11.71 [-14.10; -8.64] *     -10.97 [-12.78; -8.99] *     -11.60 [-13.12; -10.03] *      -8.69 [-32.15; -6.66] *     -8.69 [-11.33;  -6.69] *     -9.75 [-12.40; -7.81] *
gwesp.fixed.0                 -0.04 [ -0.11;   0.01]        -0.09 [ -0.17;  0.01]         0.23 [  0.11;  0.29] *       0.09 [ -0.10;  0.25]         0.03 [ -0.08;  0.06]         0.18 [  0.00;   0.22] *       0.13 [ -0.07;  0.15]        0.22 [  0.10;   0.26] *      0.37 [  0.27;  0.40] *
cycle3                         0.68 [  0.51;   0.76] *       0.45 [  0.38;  0.49] *       0.63 [  0.57;  0.70] *       0.73 [  0.62;  0.85] *       0.76 [  0.72;  0.88] *       0.58 [  0.50;   0.73] *       0.92 [  0.88;  1.01] *      0.26 [  0.06;   0.40] *      0.34 [  0.10;  0.48] *
cycle4                         0.08 [  0.07;   0.16] *       0.08 [  0.07;  0.10] *       0.21 [  0.18;  0.25] *       0.09 [  0.08;  0.18] *       0.10 [  0.08;  0.14] *       0.08 [  0.07;   0.14] *       0.04 [  0.04;  0.05] *      0.14 [  0.11;   0.21] *      0.14 [  0.13;  0.27] *
cycle5                        -0.03 [ -0.03;  -0.03] *      -0.00 [ -0.01; -0.00] *      -0.04 [ -0.05; -0.04] *      -0.03 [ -0.04; -0.02] *      -0.02 [ -0.03; -0.02] *      -0.02 [ -0.04;  -0.02] *      -0.01 [ -0.01; -0.01] *     -0.01 [ -0.02;  -0.00] *     -0.04 [ -0.08; -0.02] *
cycle6                         0.00 [  0.00;   0.00] *      -0.00 [ -0.00; -0.00] *       0.00 [  0.00;  0.00] *       0.00 [ -0.00;  0.00]         0.00 [  0.00;  0.00] *       0.00 [ -0.00;   0.00]         0.00 [  0.00;  0.00] *     -0.00 [ -0.00;   0.00]        0.00 [  0.00;  0.01] *
nodefactor.state_code.BC       0.78 [  0.10;   1.26] *       0.14 [  0.01;  0.21] *      -1.42 [ -2.06; -0.69] *       0.04 [ -0.60;  0.52]        -0.38 [ -0.64; -0.17] *                                    -0.70 [ -2.18; 11.94]                                                           
nodefactor.state_code.CA       1.15 [  0.47;   1.76] *      -0.10 [ -0.30;  0.04]        -0.86 [ -1.32; -0.30] *       0.18 [ -0.37;  0.87]         0.04 [ -0.40;  0.50]         0.30 [  0.16;   0.71] *      -0.22 [ -1.59; 12.43]        0.26 [  0.13;   0.72] *      0.37 [  0.16;  0.96] *
nodefactor.state_code.CO       0.87 [  0.25;   1.51] *      -0.12 [ -0.22;  0.03]        -1.30 [ -1.82; -0.90] *       0.56 [  0.04;  1.31] *       0.07 [ -0.53;  0.66]         0.25 [  0.11;   0.57] *      -0.42 [ -1.82; 12.22]       -0.00 [ -0.23;   0.68]        0.19 [  0.04;  1.00] *
nodefactor.state_code.CT       1.40 [  0.87;   1.83] *      -0.55 [ -0.67; -0.40] *      -0.94 [ -1.52; -0.07] *       0.19 [ -0.48;  0.95]         0.02 [ -0.23;  0.26]         0.37 [  0.27;   0.71] *      -0.81 [ -2.09; 11.70]        0.13 [ -0.16;   1.02]        0.73 [  0.50;  1.72] *
nodefactor.state_code.DC       1.64 [  0.77;   2.33] *      -0.11 [ -0.48;  0.11]        -0.93 [ -1.64; -0.16] *       0.49 [ -0.26;  1.49]         0.26 [ -0.38;  0.88]         0.23 [ -0.18;   0.98]        -0.55 [ -1.43; 11.72]       -0.76 [ -0.93;  -0.43] *      0.02 [ -0.39;  0.47]  
nodefactor.state_code.DE       1.43 [-10.24;   1.98]        -0.37 [-11.50; -0.14] *      -1.06 [ -1.73; -0.65] *                                   -0.40 [ -1.43;  0.29]                                      -0.38 [ -1.98; 11.84]                                                           
nodefactor.state_code.FL       0.59 [  0.13;   1.00] *      -0.04 [ -0.25;  0.10]        -1.43 [ -1.89; -1.06] *      -0.30 [ -0.77;  0.26]        -0.28 [ -0.65;  0.08]        -0.57 [ -0.82;  -0.26] *      -0.55 [ -2.00; 12.16]                                    -1.23 [ -1.55; -0.36] *
nodefactor.state_code.GA       0.59 [ -0.48;   1.70]        -0.25 [ -0.58; -0.03] *      -1.80 [ -2.43; -1.25] *       0.23 [ -0.64;  1.12]        -0.38 [ -1.05;  0.32]         0.35 [ -0.06;   1.27]        -0.95 [ -2.23; 11.66]                                                           
nodefactor.state_code.IL       0.86 [  0.49;   1.28] *      -0.12 [ -0.25;  0.03]        -0.62 [ -1.12; -0.27] *       0.22 [ -0.29;  0.81]         0.25 [ -0.22;  0.50]         0.34 [  0.21;   0.64] *      -0.18 [ -1.62; 12.54]       -0.78 [ -1.04;  -0.27] *     -0.32 [ -0.80;  0.23]  
nodefactor.state_code.MA       0.77 [  0.26;   1.26] *       0.08 [ -0.10;  0.19]        -1.03 [ -1.40; -0.55] *       0.23 [ -0.37;  0.66]        -0.04 [ -0.41;  0.32]         0.31 [  0.06;   0.60] *      -1.52 [ -3.00; 11.22]       -0.36 [ -0.56;  -0.06] *      0.27 [ -0.03;  0.78]  
nodefactor.state_code.MI       1.00 [ -0.14;   1.56]        -0.84 [ -1.12; -0.65] *      -0.34 [ -0.89; -0.18] *      -0.16 [ -0.90;  0.42]        -0.01 [ -0.89;  0.66]        -0.15 [ -0.82;   0.26]        -0.83 [ -2.37; 11.90]       -0.07 [-12.61;   0.38]                              
nodefactor.state_code.MO       0.61 [ -0.46;   1.03]        -0.11 [ -0.87;  0.12]        -1.45 [ -1.79; -1.30] *      -0.05 [-11.31;  0.49]        -0.78 [ -2.08; -0.03] *      -0.48 [ -1.08;  -0.23] *      -1.34 [ -2.87; 11.30]                                    -0.40 [ -0.70;  0.69]  
nodefactor.state_code.MT       0.82 [-10.62;   2.85]        -0.30 [ -0.48; -0.11] *      -1.41 [-12.44;  0.44]         0.18 [-12.03;  2.32]        -0.18 [-11.41;  1.29]        -0.24 [-11.58;   1.67]        -1.35 [ -2.78; 11.29]                                                           
nodefactor.state_code.NA       0.88 [  0.37;   1.37] *      -0.13 [ -0.31; -0.01] *      -1.11 [ -1.58; -0.64] *       0.00 [ -0.53;  0.54]        -0.19 [ -0.66;  0.26]         0.02 [ -0.12;   0.24]        -0.65 [ -2.09; 12.03]       -0.16 [ -0.26;   0.13]        0.09 [ -0.12;  0.72]  
nodefactor.state_code.NC       0.35 [ -0.16;   0.80]         0.31 [  0.18;  0.45] *      -1.28 [ -1.78; -0.85] *      -0.60 [ -1.19; -0.01] *      -0.22 [ -0.96;  0.45]                                      -0.91 [ -2.38; 11.73]                                                           
nodefactor.state_code.NH       1.34 [  0.78;   2.05] *      -1.00 [ -1.08; -0.80] *      -0.41 [ -1.15;  0.28]         0.11 [ -0.59;  0.92]         0.02 [ -0.48;  0.64]        -0.12 [ -0.25;   0.22]        -0.19 [ -1.65; 12.30]        0.19 [ -0.13;   1.08]        0.12 [ -0.04;  1.73]  
nodefactor.state_code.NJ      -1.04 [ -2.86;  -0.15] *      -1.57 [ -2.84; -0.85] *      -0.53 [ -0.99; -0.14] *      -0.57 [-12.14; -0.15] *      -0.64 [-12.41; -0.15] *                                    -0.73 [ -2.12; 11.75]                                                           
nodefactor.state_code.NL       1.94 [  1.66;   2.30] *                                   -1.12 [ -1.62; -0.36] *       0.88 [  0.47;  1.37] *       0.80 [  0.40;  1.17] *       0.69 [  0.31;   1.10] *      -0.40 [ -1.89; 12.48]                                                           
nodefactor.state_code.NS       0.17 [ -0.19;   0.74]         0.98 [  0.91;  1.13] *                                                                                                                                                                                                           
nodefactor.state_code.NV       0.47 [ -0.93;   1.34]        -0.75 [ -1.38; -0.39] *      -1.38 [ -1.91; -1.03] *      -0.41 [ -0.96;  0.23]        -0.17 [ -0.81;  0.39]        -0.31 [-11.84;   0.04]        -1.29 [ -3.10; 11.58]       -0.67 [ -1.18;  -0.15] *     -0.49 [ -1.41;  0.46]  
nodefactor.state_code.NY       1.64 [  0.94;   2.19] *      -0.13 [ -0.54;  0.17]        -0.91 [ -1.39; -0.47] *       0.92 [  0.38;  1.45] *       0.35 [ -0.18;  0.85]         0.88 [  0.51;   1.15] *      -0.40 [ -1.78; 12.25]        0.25 [ -0.15;   0.67]        0.94 [  0.58;  1.38] *
nodefactor.state_code.OH       1.58 [  0.64;   2.22] *      -1.83 [ -3.11; -0.33] *      -0.31 [ -0.95;  0.47]         0.49 [ -0.29;  1.19]         0.18 [ -0.14;  0.59]        -1.39 [ -2.93;   0.31]        -0.47 [ -1.92; 12.21]       -0.79 [ -1.88;  -0.03] *     -0.26 [ -0.65;  0.85]  
nodefactor.state_code.ON       0.72 [  0.37;   1.04] *       0.02 [ -0.16;  0.16]        -0.84 [ -1.34; -0.37] *      -0.09 [ -0.56;  0.52]        -0.39 [ -0.78;  0.02]        -0.39 [ -0.60;  -0.13] *      -0.76 [ -2.27; 12.03]       -0.41 [ -0.55;   0.16]       -0.34 [ -0.55;  0.17]  
nodefactor.state_code.OR       1.44 [  0.80;   2.06] *      -0.61 [ -0.75; -0.40] *      -1.34 [ -1.78; -0.64] *       0.62 [ -0.09;  1.00]        -0.64 [ -0.96; -0.32] *       0.16 [  0.02;   0.41] *      -0.98 [ -2.55; 11.76]       -0.63 [ -1.09;  -0.09] *      0.56 [  0.34;  1.07] *
nodefactor.state_code.PA       0.93 [-11.01;   1.36]        -0.16 [ -1.06;  0.06]        -2.40 [-13.70; -2.02] *      -0.15 [-12.02;  0.33]        -0.70 [-12.85; -0.35] *       0.22 [-11.95;   0.45]        -1.59 [ -2.84; 11.11]                                     0.66 [-12.07;  1.13]  
nodefactor.state_code.QC       1.16 [  0.80;   1.45] *      -0.30 [ -0.51; -0.15] *      -0.89 [ -1.42; -0.30] *       0.41 [  0.06;  0.75] *       0.37 [  0.04;  0.64] *      -0.16 [ -0.44;   0.29]        -0.50 [ -2.02; 12.25]       -0.46 [ -0.54;  -0.14] *      0.77 [  0.50;  1.29] *
nodefactor.state_code.TX       1.06 [  0.63;   1.43] *      -0.22 [ -0.37; -0.09] *      -1.31 [ -1.70; -0.86] *      -0.05 [ -0.43;  0.47]        -0.19 [ -0.56;  0.12]         0.16 [ -0.08;   0.40]        -0.66 [ -2.18; 12.06]       -0.37 [ -0.74;   0.31]        0.03 [ -0.48;  0.63]  
nodefactor.state_code.UT       1.17 [  0.73;   1.60] *      -0.14 [ -0.19; -0.02] *      -1.22 [ -1.69; -0.78] *       0.31 [ -0.17;  0.94]        -0.00 [ -0.45;  0.45]         0.27 [  0.13;   0.57] *      -0.74 [ -2.11; 11.96]       -0.07 [ -0.24;   0.41]        0.29 [  0.12;  0.99] *
nodefactor.state_code.VA       1.21 [  0.67;   1.70] *      -0.18 [ -0.32; -0.04] *      -0.81 [ -1.24; -0.34] *       0.93 [  0.28;  1.63] *       0.19 [ -0.34;  0.65]         0.50 [  0.30;   0.81] *      -0.75 [ -2.26; 11.90]        0.37 [ -0.23;   1.50]        0.83 [  0.55;  1.79] *
nodefactor.state_code.WA       0.97 [  0.53;   1.37] *      -0.23 [ -0.38; -0.08] *      -0.81 [ -1.33; -0.35] *      -0.06 [ -0.54;  0.58]        -0.24 [ -0.70;  0.25]         0.05 [ -0.15;   0.33]        -0.98 [ -2.33; 11.67]       -0.37 [ -0.50;  -0.07] *     -0.05 [ -0.20;  0.60]  
nodefactor.state_code.WI       0.94 [  0.51;   1.30] *       0.96 [-11.70;  3.20]        -1.56 [ -1.96; -1.33] *      -0.56 [ -1.07;  0.10]        -0.19 [ -0.91;  0.66]                                                                                                                      
nodematch.state_code          -0.14 [ -0.19;   0.01]        -0.22 [ -0.24; -0.19] *      -0.03 [ -0.09;  0.05]        -0.16 [ -0.23; -0.03] *      -0.09 [ -0.15; -0.01] *      -0.37 [ -0.41;  -0.27] *      -0.18 [ -0.21; -0.16] *     -0.61 [ -0.71;  -0.41] *     -0.59 [ -0.63; -0.47] *
nodecov.age                    0.01 [  0.01;   0.02] *       0.02 [  0.02;  0.03] *      -0.00 [ -0.01; -0.00] *       0.01 [  0.01;  0.01] *       0.01 [  0.01;  0.01] *       0.02 [  0.01;   0.02] *      -0.01 [ -0.01; -0.00] *     -0.00 [ -0.01;   0.00]        0.01 [  0.01;  0.01] *
edgecov.mmc[[i]]               0.07 [ -0.25;   0.98]         0.30 [  0.10;  0.56] *       0.16 [ -0.06;  0.44]         0.27 [  0.06;  0.52] *       0.04 [ -0.21;  0.33]         0.15 [ -0.21;   0.67]        -0.53 [ -0.68; -0.34] *      0.39 [  0.03;   1.29] *     -0.59 [ -1.14; -0.40] *
nodecov.net_risk               0.38 [  0.30;   0.52] *       0.47 [  0.36;  0.58] *       0.29 [  0.23;  0.43] *       0.50 [  0.39;  0.59] *       0.40 [  0.32;  0.53] *       0.51 [  0.42;   0.67] *       0.45 [  0.32;  0.53] *      0.46 [  0.31;   0.62] *      0.32 [  0.25;  0.64] *
nodecov.net_risk_lag           0.06 [ -0.01;   0.19]         0.02 [ -0.03;  0.03]         0.05 [ -0.02;  0.07]         0.02 [ -0.06;  0.18]         0.04 [ -0.00;  0.05]         0.05 [ -0.03;   0.15]         0.00 [ -0.06;  0.01]        0.06 [ -0.01;   0.08]        0.09 [ -0.05;  0.19]  
nodematch.npm                  3.69 [  3.50;   4.07] *       4.21 [  3.89;  4.56] *       3.33 [  3.15;  3.68] *       4.15 [  3.89;  4.82] *       3.40 [  3.25;  3.70] *       3.97 [  3.75;   4.50] *       3.68 [  3.51;  4.10] *      2.88 [  2.72;   3.31] *      2.89 [  2.70;  3.83] *
nodematch.ipo_status.0         0.02 [ -0.10;   0.12]        -0.58 [ -0.66; -0.45] *      -0.42 [ -0.64; -0.24] *      -0.32 [ -0.61; -0.08] *       0.03 [ -0.28;  0.24]        -0.03 [ -0.25;   0.18]        -1.71 [ -1.83; -1.56] *      0.11 [ -0.33;   0.81]        0.61 [  0.33;  0.86] *
nodematch.ipo_status.1        -0.10 [ -0.15;   0.14]        -0.20 [ -0.34; -0.03] *      -0.02 [ -0.32;  0.58]        -0.23 [ -0.33; -0.01] *      -0.33 [ -0.39; -0.18] *      -0.23 [ -0.27;   0.24]        -0.14 [ -0.36;  0.10]       -9.72 [-23.41; -10.72] *      0.49 [-12.02;  0.93]  
nodecov.constraint            -5.82 [ -6.73;  -4.28] *      -7.81 [ -8.76; -6.13] *      -4.29 [ -5.46; -2.75] *      -6.94 [ -7.89; -5.43] *      -6.59 [ -8.19; -4.44] *      -7.39 [ -8.79;  -5.65] *      -7.59 [ -8.25; -5.99] *     -5.33 [ -7.06;  -3.07] *     -5.48 [ -8.70; -3.17] *
absdiff.constraint             4.17 [  3.48;   4.69] *       5.50 [  4.41;  6.07] *       3.47 [  2.65;  4.28] *       4.94 [  4.02;  6.06] *       5.15 [  3.81;  6.35] *       5.09 [  3.72;   6.20] *       6.18 [  5.46;  6.60] *      3.87 [  2.46;   5.28] *      4.48 [  2.84;  6.11] *
nodefactor.state_code.AZ                                     0.15 [ -0.14;  0.69]        -1.66 [ -2.07; -1.19] *                                                                                               1.02 [ -0.66; 13.88]                                                           
nodefactor.state_code.IN                                    -1.19 [ -1.54; -0.93] *      -0.79 [ -1.40; -0.30] *                                                                                              -2.01 [ -3.40; 10.55]                                                           
nodefactor.state_code.KS                                     0.97 [  0.49;  1.17] *      -1.48 [ -2.21; -0.85] *                                                                                               0.30 [ -1.19; 12.79]                                                           
nodefactor.state_code.MD                                    -0.59 [ -0.72; -0.46] *      -1.38 [ -1.71; -0.94] *                                                                                              -0.04 [ -1.68; 12.51]                                                           
nodefactor.state_code.MN                                     0.29 [  0.13;  0.39] *                                                                                                                                                                                                           
nodefactor.state_code.NE                                    -1.57 [-12.79; -1.22] *                                                                                                                            0.13 [ -1.66; 13.18]                                                           
nodefactor.state_code.OK                                    -0.67 [-11.78; -0.38] *                                                                                                                                                                                                           
nodefactor.state_code.TN                                    -0.04 [ -0.66;  0.90]        -0.97 [-12.06; -0.51] *                                                                                                                                                                              
nodefactor.state_code.WV                                    -0.75 [ -1.06; -0.36] *                                                                                                                                                                                                           
nodefactor.state_code.KY                                                                 -1.39 [ -1.85; -0.78] *      -0.04 [ -0.50;  0.60]        -0.04 [ -0.11;  0.06]                                                                                                                      
nodefactor.state_code.LA                                                                 -0.92 [ -2.03; -0.16] *                                   -0.59 [ -2.27;  0.46]                                      -0.98 [ -2.67; 11.91]                                                           
nodefactor.state_code.NM                                                                 -1.47 [ -2.22; -0.86] *                                   -0.52 [ -1.34; -0.27] *                                    -1.09 [ -2.88; 11.83]                                                           
nodefactor.state_code.AR                                                                                                                                                                                      -0.10 [ -1.57; 12.43]                                                           
nodefactor.state_code.RI                                                                                                                                                                                      -0.98 [ -2.67; 11.91]                                                           
nodefactor.state_code.SC                                                                                                                                                                                       0.10 [ -1.69; 13.15]                                                           
nodefactor.state_code.VT                                                                                                                                                                                      -0.05 [ -1.59; 12.63]                                                           
----------------------------------------------------------------------------------------------------------------------------------------------------------------------------------------------------------------------------------------------------------------------------------------------
Num. obs.                 480760                        406704                       620392                       258059                       589198                       188510                        933469                       42909                        37660                     
==============================================================================================================================================================================================================================================================================================
* 0 outside the confidence interval
