
==========================================================================================================================================================
                        m0                        m1                        m2                        m3a                       m3b                       
----------------------------------------------------------------------------------------------------------------------------------------------------------
edges                     -4.75 [-5.41; -4.31] *    -4.76 [-7.05; -4.44] *    -4.75 [-6.81; -4.44] *    -5.03 [-7.26; -4.63] *    -5.04 [ -6.98;  -4.63] *
gwesp                      0.54 [ 0.36;  0.84] *     0.54 [ 0.18;  0.83] *     0.54 [ 0.22;  0.85] *     0.54 [ 0.21;  1.07] *     0.54 [  0.26;   0.84] *
triangle                   0.67 [ 0.25;  0.83] *     0.67 [ 0.25;  0.81] *     0.67 [ 0.13;  0.84] *     0.67 [-0.32;  0.80]       0.67 [  0.25;   0.84] *
cycle4                     0.21 [ 0.21;  0.30] *     0.21 [ 0.17;  0.30] *     0.21 [ 0.17;  0.31] *     0.21 [ 0.17;  0.31] *     0.21 [  0.17;   0.30] *
cycle5                    -0.04 [-0.05;  0.00]      -0.04 [-0.05;  0.00]      -0.04 [-0.05;  0.03]      -0.04 [-0.05;  0.21]      -0.04 [ -0.05;   0.00]  
cycle6                     0.00 [-0.00;  0.00]       0.00 [-0.00;  0.00]       0.00 [-0.01;  0.00]       0.00 [-0.04;  0.00]       0.00 [ -0.01;   0.00]  
nodecov.env_risk                                     0.00 [ 0.00;  1.32] *     0.00 [ 0.00;  1.16] *     0.00 [ 0.00;  1.21] *     0.00 [  0.00;   1.04] *
edgecov.mmc                                                                   -0.08 [-0.30;  0.58]      -0.08 [-0.34;  0.63]      -0.06 [ -0.27;   0.65]  
nodematch.ipo_status                                                                                     0.30 [ 0.15;  0.68] *                            
nodematch.ipo_status.0                                                                                                             0.30 [  0.15;   0.63] *
nodematch.ipo_status.1                                                                                                           -11.94 [-16.60; -12.94] *
----------------------------------------------------------------------------------------------------------------------------------------------------------
Num. obs.               6444                      8559                      8961                      9477                      9486                      
==========================================================================================================================================================
* 0 outside the confidence interval
