
==============================================================================================================================================================================================================================================================================================================================================
                          clarabridge                  medallia                                               qualtrics                    satmetrix                                                empathica                                             confirmit                                                allegiance                 
----------------------------------------------------------------------------------------------------------------------------------------------------------------------------------------------------------------------------------------------------------------------------------------------------------------------------------------------
edges                         -9.36 [ -9.94; -8.66] *      -9.39 [-794789489711094.25;              -9.04] *      -6.98 [ -8.70; -5.48] *      -8.93 [-5784200789345766.00;               -8.23] *      -8.71 [-335851164994075.50;             -8.41] *      -7.93 [-4405455356669928.00;               -7.18] *      -7.29 [-14.96; -5.46] *
gwesp.fixed.0                  0.26 [ -0.07;  0.54]         0.28 [              -0.34;  25909633700865.05]         0.71 [  0.30;  0.90] *       0.30 [               -0.19;  212563230617871.81]         0.23 [              -0.32; 22004148250771.71]         0.39 [               -0.09;  383468296395991.38]         0.24 [ -0.07;  0.53]  
cycle3                         0.55 [  0.47;  0.60] *       1.09 [               0.96;   8812922035724.03] *       0.85 [  0.65;  1.03] *       1.12 [                0.94;  520064523255527.38] *       1.15 [               0.97; 18360194472281.78] *       1.03 [                0.88;  652889872245344.38] *       1.33 [  1.23;  1.46] *
cycle4                         0.16 [  0.14;  0.19] *       0.17 [  -8125148188593.02;               0.25]         0.30 [  0.25;  0.47] *       0.18 [                0.15;   82098287134224.12] *       0.15 [  -7820402785001.35;              0.24]         0.19 [                0.16;   94062391720316.31] *       0.11 [  0.10;  0.13] *
cycle5                        -0.00 [ -0.01; -0.00] *      -0.03 [   -137112510220.44;              -0.03] *      -0.05 [ -0.08; -0.04] *      -0.03 [  -11950337982129.59;     262767091180.42]        -0.02 [              -0.03;  1003824301406.96]        -0.03 [  -14563445844364.35;               -0.02] *      -0.02 [ -0.02; -0.01] *
cycle6                        -0.00 [ -0.00; -0.00] *       0.00 [               0.00;    167830915162.48] *       0.00 [  0.00;  0.00] *       0.00 [    -312495400579.91;     521746319676.00]         0.00 [    -73515903487.46;              0.00]         0.00 [     -75598285425.44;     636034774374.98]         0.00 [  0.00;  0.00] *
nodefactor.state_code.AZ       0.16 [  0.01;  0.38] *                                                             -0.74 [ -1.23; -0.02] *                                                                                                                                                                               0.76 [ -0.59;  4.91]  
nodefactor.state_code.BC       0.74 [  0.62;  0.88] *       0.06 [ -37583264155857.72;               0.42]        -0.56 [ -1.04; -0.39] *       0.26 [ -201233603535473.47; 1881738864724247.00]                                                              -0.30 [ -335412687128274.06;  282349074871148.62]        -0.06 [ -1.31;  3.94]  
nodefactor.state_code.CA       0.62 [  0.40;  0.81] *       0.85 [               0.71;  31642638335634.10] *       0.19 [ -0.25;  0.64]         0.61 [ -546348990027202.75; 2072824469738001.25]         0.57 [               0.47; 18164201862375.16] *       0.38 [ -689374727966744.50;  522522403205413.38]         0.83 [ -0.37;  4.84]  
nodefactor.state_code.CO       0.95 [  0.81;  1.08] *       0.62 [               0.52;  16341890672027.37] *      -0.90 [ -1.30; -0.45] *       0.71 [-1928372538920666.25; 1940849392632237.25]         0.52 [-682435743512339.50;              0.85]         0.09 [               -0.08;  931522011726264.38]         0.43 [ -0.86;  4.53]  
nodefactor.state_code.CT       1.02 [  0.85;  1.13] *       1.02 [               0.91;  42349137302238.52] *      -0.07 [ -0.36;  0.28]         1.02 [ -112049273894629.81; 1682611052590532.50]         0.99 [               0.82; 11217867015352.22] *       0.48 [-1562107100128809.25;  880717435528841.00]         1.00 [ -0.24;  5.07]  
nodefactor.state_code.DC       0.44 [  0.04;  0.71] *       0.78 [               0.32;  41134481713845.73] *      -0.11 [ -0.65;  0.26]         0.45 [-1726468390170015.50; 1401764206769727.50]         0.26 [-279339441335937.97;              0.63]         0.28 [               -0.27; 1189394838812077.50]         0.24 [ -0.59;  3.98]  
nodefactor.state_code.DE      -0.62 [-11.61; -0.11] *      -0.17 [-268420663992274.81;               0.95]        -0.45 [-12.95; -0.26] *                                                                                                                     -0.64 [-1127027546703949.75; 1417505057849639.75]        -0.15 [ -1.26;  3.66]  
nodefactor.state_code.FL       0.54 [  0.46;  0.62] *       0.08 [              -0.11;  26229410691938.09]        -0.16 [ -0.60;  0.08]         0.43 [ -167425561179891.62; 1025253027840483.00]        -0.17 [  -1389709623945.37;              0.54]        -0.08 [ -376911444521738.12;  540290603716412.75]         0.52 [ -0.89;  4.65]  
nodefactor.state_code.GA      -0.51 [ -0.70; -0.32] *       0.11 [              -0.11;   9101234218492.42]        -1.00 [ -1.79; -0.47] *      -0.18 [ -787940260427380.75;  307875830246972.25]        -0.13 [-847038225180500.88;              0.65]        -0.82 [ -862116569534713.00; 1271703001244976.75]         0.62 [ -0.48;  4.59]  
nodefactor.state_code.IL       1.01 [  0.92;  1.13] *       0.83 [ -12629072543738.38;               1.00]         0.40 [ -0.09;  0.59]         0.76 [ -154102333342520.25; 1072523167823238.62]         0.73 [ -19920725036865.98;              1.39]         0.51 [ -485207222714089.00; 1162538353850709.75]         0.62 [ -0.61;  4.66]  
nodefactor.state_code.IN       0.16 [  0.02;  0.31] *                                                             -0.07 [ -0.61;  0.21]                                                                                                                                                                                -1.20 [ -2.13;  2.55]  
nodefactor.state_code.KS       1.43 [  0.65;  1.99] *                                                             -0.63 [-13.12; -0.46] *                                                                                                                                                                               1.11 [ -0.30;  5.21]  
nodefactor.state_code.MA       0.76 [  0.57;  0.96] *       0.57 [               0.50;   6741517255221.49] *      -0.01 [ -0.40;  0.62]         0.21 [ -476098127739675.50; 1105761516586593.75]         0.15 [-108859129552464.31;              0.67]        -0.16 [ -264589057396971.81;  512439966074435.81]        -0.41 [ -1.44;  3.50]  
nodefactor.state_code.MD      -0.49 [ -0.64; -0.33] *                                                             -0.61 [ -1.00;  0.02]                                                                                                                                                                                -0.35 [ -1.73;  3.83]  
nodefactor.state_code.MI      -0.62 [ -0.83; -0.48] *      -0.01 [              -0.24;  26491102830855.54]        -0.21 [ -0.73; -0.01] *      -0.36 [ -402313729943185.62;  573642086392014.75]        -0.45 [              -0.69;   192667207950.56]        -0.46 [ -566971057173260.25;  482816022270858.12]        -0.77 [ -1.94;  3.12]  
nodefactor.state_code.MN       0.19 [ -0.00;  0.44]                                                                                                                                                                                                                                                                                           
nodefactor.state_code.MO      -0.37 [ -1.03; -0.04] *      -0.24 [              -0.56;  60069730578548.86]        -0.93 [ -1.30; -0.35] *      -0.24 [ -915168791098520.12;  395466678339160.50]        -0.15 [              -0.31; 11451045933554.08]        -0.63 [ -860078384212956.25;  564837774989841.50]        -0.76 [ -1.94;  3.12]  
nodefactor.state_code.MT      -0.27 [ -0.44; -0.17] *      -0.19 [ -56914213284874.66;               0.93]        -1.18 [-11.97;  0.50]         0.04 [-2677109888151435.00;  354254640599582.75]        -0.03 [ -85226016428357.14;              1.35]        -0.65 [ -631537650067327.75; 1687174135800401.00]        -0.48 [ -1.77;  3.62]  
nodefactor.state_code.NA       0.69 [  0.49;  0.87] *       0.54 [               0.42;  25262844857920.48] *      -0.20 [ -0.66;  0.27]         0.48 [ -396580255639730.06; 1887888185614412.00]         0.40 [               0.32; 20524526507847.22] *       0.02 [ -990627833004584.50;  516418298364488.75]         0.12 [ -1.09;  4.11]  
nodefactor.state_code.NC       1.78 [  1.54;  2.04] *       0.89 [               0.64;  34456263583676.75] *      -0.34 [ -0.71; -0.20] *       0.71 [  -76914367825060.14; 1247748849689278.75]                                                               0.08 [ -454398777747011.94;  352992519644986.38]        -0.21 [ -1.42;  3.79]  
nodefactor.state_code.NE      -1.10 [-12.03; -0.41] *                                                                                                                                                                                                                                                                  -0.40 [ -1.79;  3.83]  
nodefactor.state_code.NH       0.42 [  0.30;  0.47] *       0.92 [               0.70;  26736377083613.76] *       0.19 [ -0.15;  0.87]         1.06 [ -678359475187001.50; 1761679012013254.50]         0.98 [               0.77; 34208555613329.19] *       0.55 [  -70302948227762.12;  752290901926948.50]         1.30 [ -0.18;  5.49]  
nodefactor.state_code.NJ      -1.14 [ -1.84; -0.62] *      -2.04 [ -83934303837447.42;              -1.39] *      -0.32 [ -0.82; -0.16] *      -0.09 [ -284724614225991.81;  194505394483469.19]                                                              -0.96 [ -682428772757814.12;  536257148269759.06]        -0.31 [ -1.47;  3.52]  
nodefactor.state_code.NS       2.25 [  2.01;  2.48] *       1.56 [               1.53;  80007749592231.86] *                                                                                                                                                                                                                                  
nodefactor.state_code.NV      -0.32 [ -1.12;  0.07]         0.77 [               0.50;  21548511947058.83] *      -0.41 [ -1.03; -0.09] *       0.70 [ -170897408524713.81;  916433093651050.50]        -0.25 [ -42631359387776.66;             -0.05] *       0.04 [  -33313199997392.23;  466577709543383.75]        -0.24 [ -1.65;  3.73]  
nodefactor.state_code.NY       1.10 [  0.83;  1.35] *       1.21 [               1.04;  67666175440912.36] *      -0.17 [ -0.42;  0.08]         1.38 [  -70413979400340.47; 2217809386988429.75]         1.60 [               1.50; 90368507120113.58] *       0.68 [ -323722811811060.00;  711866725892230.75]         0.51 [ -0.75;  4.50]  
nodefactor.state_code.OH       0.32 [  0.16;  0.50] *       1.27 [               1.13;   6005407048175.83] *       0.77 [  0.50;  1.30] *       1.33 [  -14128092204549.16; 1983984923202621.50]         0.77 [               0.66; 17450664217602.97] *       0.87 [  -80939764562136.23; 1034334240219563.75]         0.70 [ -0.62;  4.78]  
nodefactor.state_code.OK      -0.54 [-11.53; -0.02] *                                                                                                                                                                                                                                                                                         
nodefactor.state_code.ON       0.58 [  0.44;  0.72] *       0.40 [               0.35;   5798871371105.54] *       0.03 [ -0.27;  0.52]         0.61 [ -365089442075147.25; 1562707235232735.75]         0.35 [-217387442923568.72;              1.09]         0.05 [ -425624793081448.56;  278204859571152.38]         0.20 [ -1.06;  4.26]  
nodefactor.state_code.OR       0.51 [  0.22;  0.72] *       0.46 [ -11092168793957.92;               0.73]        -0.70 [ -1.09;  0.33]         0.50 [ -852621546123193.25; 1681369801760454.25]         0.60 [               0.49; 43725379674182.88] *      -0.83 [ -636375358379087.00; 1251856807809019.25]        -0.99 [ -2.29;  3.03]  
nodefactor.state_code.PA       0.20 [ -1.05;  0.71]         0.55 [             -11.39;  42000533430897.80]        -1.44 [-13.86; -1.14] *       0.41 [ -656565333224597.50; 1888821662587785.00]         0.31 [  -6411970597573.01;              0.60]        -0.30 [ -904673134689095.12;  447536035395160.38]        -0.71 [ -1.88;  3.15]  
nodefactor.state_code.QC       0.76 [  0.53;  0.96] *       0.66 [               0.55;  96528065347577.61] *      -0.08 [ -0.46;  0.26]         0.86 [  -44161486205717.58; 2007097590176523.25]         1.28 [               1.12; 47724041892258.16] *       0.22 [               -0.04;  419098739808189.81]         0.13 [ -1.18;  4.18]  
nodefactor.state_code.TN       0.27 [ -0.61;  0.79]                                                               -1.34 [-13.81; -0.88] *                                                                                                                                                                                                     
nodefactor.state_code.TX       0.27 [  0.09;  0.43] *       0.34 [               0.22;  24380688258622.84] *      -0.52 [ -0.94; -0.36] *       0.43 [ -343939384813905.88; 1260696916316284.50]         0.32 [               0.27; 23836777888855.70] *      -0.11 [ -350309438866238.94;  243758305417405.31]        -0.07 [ -1.27;  3.92]  
nodefactor.state_code.UT       0.83 [  0.74;  0.93] *       0.56 [  -4186600130841.18;               0.68]        -0.16 [ -0.66;  0.44]         0.61 [ -531705826815124.88; 1530260309859632.00]         0.67 [               0.53; 24776638987030.35] *       0.09 [ -379107012864862.12;  478458643807708.44]         0.74 [ -0.60;  4.84]  
nodefactor.state_code.VA       0.73 [  0.49;  0.92] *       0.95 [               0.84;  44654972240184.64] *       0.48 [  0.12;  0.93] *       1.59 [  -63289516711458.82; 2145907338554560.75]         0.82 [               0.74; 13982215401321.06] *       0.76 [ -211066399699543.31;  722591866081429.50]        -0.03 [ -1.24;  3.88]  
nodefactor.state_code.WA       1.03 [  0.88;  1.15] *       0.75 [               0.70;   7398918132904.75] *       0.11 [ -0.20;  0.52]         0.54 [ -450230037636884.38; 1461761976099725.50]         0.48 [               0.35; 10350804821141.49] *      -0.03 [ -383262765526833.38;  410446638091162.75]         0.10 [ -1.01;  4.08]  
nodefactor.state_code.WI      -1.09 [ -5.31; -0.42] *       0.80 [ -61105719003966.25;               0.96]        -0.54 [ -1.06;  0.11]         0.81 [ -182125238623414.19; 1609823225369928.00]                                                               0.22 [ -168005217061582.19;  734153096803072.25]                               
nodefactor.state_code.WV       0.09 [ -0.10;  0.16]                                                                                                                                                                                                                                                                                           
nodematch.state_code          -0.30 [ -0.32; -0.27] *      -0.24 [ -13533517278658.86;              -0.15] *      -0.16 [ -0.23;  0.02]        -0.27 [ -533312944345619.44;               -0.22] *      -0.46 [ -47340116736028.38;             -0.30] *      -0.18 [ -399789760505650.50;    8267826169297.00]        -0.33 [ -0.34; -0.31] *
nodecov.age                    0.02 [  0.02;  0.02] *       0.02 [               0.01;   1248843270045.74] *       0.01 [  0.00;  0.01] *       0.02 [                0.02;    8075024524907.26] *       0.02 [               0.02;   845343507662.64] *       0.02 [                0.01;   16642433291394.26] *       0.01 [  0.01;  0.01] *
edgecov.mmc[[i]]               0.91 [  0.62;  1.11] *       0.66 [               0.60;  27925252176137.97] *       1.29 [  0.99;  1.57] *       0.52 [ -245465706251321.25;  784750095646145.62]         0.30 [ -39056493232012.52;              1.18]         0.29 [  -99341383003653.73; 1247167163953487.00]        -0.22 [ -0.31; -0.13] *
nodecov.net_risk               0.19 [-48.48;  0.67]         0.00 [-245925411253628.16;             115.73]         0.00 [  0.00;  0.47] *       0.00 [ -655534268003916.75;  150081211630441.00]         0.00 [-579141946052044.38;              0.57]         0.00 [ -504899003419657.50;  441020229735386.50]         0.00 [ -0.03;  0.03]  
nodecov.net_risk_lag           0.05 [ -0.47;  1.96]         0.00 [               0.00;    173296196220.15] *       0.00 [  0.00;  0.31] *       0.01 [                0.00;  198361625064129.31] *       0.01 [               0.00;    11207281657.61] *       0.00 [   -7246788719321.63;  183233659083959.50]         0.00 [ -0.03;  0.04]  
nodematch.npm                  2.25 [  1.70;  3.02] *       1.87 [               1.30; 511696930002380.44] *       1.85 [  1.18;  3.05] *       1.90 [ -872322378392610.25; 1944888680681961.75]         1.80 [               1.47; 84966789960027.23] *       1.67 [                1.11; 2203765479002489.50] *       2.09 [  1.53;  2.75] *
nodematch.ipo_status.0        -0.09 [ -0.25;  0.00]         0.30 [               0.18;  31938326388754.86] *      -0.56 [ -0.74; -0.43] *      -0.12 [ -329144154984168.12;  236824825560173.78]        -0.03 [              -0.15; 21341875298764.35]        -0.15 [ -366090177601860.81;   98704209459513.84]        -2.17 [ -2.36; -1.92] *
nodematch.ipo_status.1         0.01 [ -0.11;  0.22]        -0.12 [ -46472553966584.03;               0.13]        -0.30 [ -0.49;  0.08]        -0.25 [ -206652945396085.75;   63185617842591.73]        -0.08 [ -23073285930425.35;              0.10]        -0.31 [ -390339111472071.50;               -0.18] *      -0.40 [ -0.52; -0.22] *
nodefactor.state_code.NL                                    0.70 [-221125174175270.22;               1.03]        -0.29 [ -0.70;  0.74]         0.87 [ -500043814104467.12; 1052782195480172.00]         0.77 [  -5942954832157.48;              1.65]         0.28 [ -299747938189812.50;  433471572806537.38]         0.87 [ -0.59;  5.13]  
nodefactor.state_code.KY                                                                                          -0.60 [ -1.07;  0.12]         0.52 [ -101921672682102.97; 1116163714256386.38]                                                               0.01 [ -167482142684851.78;  394733658037685.44]                               
nodefactor.state_code.LA                                                                                          -1.10 [ -2.28;  0.30]                                                                                                                       -0.64 [ -874286913836046.25; 1424405767023216.00]        -0.99 [ -2.30;  3.16]  
nodefactor.state_code.NM                                                                                          -0.48 [-12.98; -0.23] *                                                                                                                     -0.10 [               -1.12;  865333337260288.12]        -0.38 [ -1.62;  3.60]  
nodefactor.state_code.AR                                                                                                                                                                                                                                                                                                0.16 [ -1.15;  4.19]  
nodefactor.state_code.RI                                                                                                                                                                                                                                                                                               -0.99 [ -2.30;  3.16]  
nodefactor.state_code.SC                                                                                                                                                                                                                                                                                               -0.37 [ -1.75;  3.85]  
nodefactor.state_code.VT                                                                                                                                                                                                                                                                                                0.44 [ -0.75;  4.43]  
----------------------------------------------------------------------------------------------------------------------------------------------------------------------------------------------------------------------------------------------------------------------------------------------------------------------------------------------
Num. obs.                 405033                       477748                                                 615216                       256376                                                   186496                                                587101                                                   920323                     
==============================================================================================================================================================================================================================================================================================================================================
* 0 outside the confidence interval
