
==============================================================================================================================================================================================================================================================================================
                          medallia                      clarabridge                  qualtrics                    satmetrix                    confirmit                    empathica                     allegiance                   customergauge                mindshare-technologies    
----------------------------------------------------------------------------------------------------------------------------------------------------------------------------------------------------------------------------------------------------------------------------------------------
edges                        -13.36 [-15.16; -10.84] *     -11.04 [-12.29; -9.08] *      -8.13 [-10.59; -5.45] *     -11.71 [-14.10; -8.64] *     -10.97 [-12.78; -8.99] *     -11.60 [-13.12; -10.03] *      -8.69 [-32.15; -6.66] *     -8.69 [-11.33;  -6.69] *     -9.75 [-12.40; -7.81] *
gwesp.fixed.0                 -0.04 [ -0.11;   0.01]        -0.09 [ -0.17;  0.01]         0.23 [  0.11;  0.29] *       0.09 [ -0.10;  0.25]         0.03 [ -0.08;  0.06]         0.18 [  0.00;   0.22] *       0.13 [ -0.07;  0.15]        0.22 [  0.10;   0.26] *      0.37 [  0.27;  0.40] *
cycle3                         0.68 [  0.51;   0.76] *       0.45 [  0.38;  0.49] *       0.63 [  0.57;  0.70] *       0.73 [  0.62;  0.85] *       0.76 [  0.72;  0.88] *       0.58 [  0.50;   0.73] *       0.92 [  0.88;  1.01] *      0.26 [  0.06;   0.40] *      0.34 [  0.10;  0.48] *
cycle4                         0.08 [  0.07;   0.16] *       0.08 [  0.07;  0.10] *       0.21 [  0.18;  0.25] *       0.09 [  0.08;  0.18] *       0.10 [  0.08;  0.14] *       0.08 [  0.07;   0.14] *       0.04 [  0.04;  0.05] *      0.14 [  0.11;   0.21] *      0.14 [  0.13;  0.27] *
cycle5                        -0.03 [ -0.03;  -0.03] *      -0.00 [ -0.01; -0.00] *      -0.04 [ -0.05; -0.04] *      -0.03 [ -0.04; -0.02] *      -0.02 [ -0.03; -0.02] *      -0.02 [ -0.04;  -0.02] *      -0.01 [ -0.01; -0.01] *     -0.01 [ -0.02;  -0.00] *     -0.04 [ -0.08; -0.02] *
cycle6                         0.00 [  0.00;   0.00] *      -0.00 [ -0.00; -0.00] *       0.00 [  0.00;  0.00] *       0.00 [ -0.00;  0.00]         0.00 [  0.00;  0.00] *       0.00 [ -0.00;   0.00]         0.00 [  0.00;  0.00] *     -0.00 [ -0.00;   0.00]        0.00 [  0.00;  0.01] *
nodematch.state_code          -0.14 [ -0.19;   0.01]        -0.22 [ -0.24; -0.19] *      -0.03 [ -0.09;  0.05]        -0.16 [ -0.23; -0.03] *      -0.09 [ -0.15; -0.01] *      -0.37 [ -0.41;  -0.27] *      -0.18 [ -0.21; -0.16] *     -0.61 [ -0.71;  -0.41] *     -0.59 [ -0.63; -0.47] *
nodecov.age                    0.01 [  0.01;   0.02] *       0.02 [  0.02;  0.03] *      -0.00 [ -0.01; -0.00] *       0.01 [  0.01;  0.01] *       0.01 [  0.01;  0.01] *       0.02 [  0.01;   0.02] *      -0.01 [ -0.01; -0.00] *     -0.00 [ -0.01;   0.00]        0.01 [  0.01;  0.01] *
edgecov.mmc[[i]]               0.07 [ -0.25;   0.98]         0.30 [  0.10;  0.56] *       0.16 [ -0.06;  0.44]         0.27 [  0.06;  0.52] *       0.04 [ -0.21;  0.33]         0.15 [ -0.21;   0.67]        -0.53 [ -0.68; -0.34] *      0.39 [  0.03;   1.29] *     -0.59 [ -1.14; -0.40] *
nodecov.net_risk               0.38 [  0.30;   0.52] *       0.47 [  0.36;  0.58] *       0.29 [  0.23;  0.43] *       0.50 [  0.39;  0.59] *       0.40 [  0.32;  0.53] *       0.51 [  0.42;   0.67] *       0.45 [  0.32;  0.53] *      0.46 [  0.31;   0.62] *      0.32 [  0.25;  0.64] *
nodecov.net_risk_lag           0.06 [ -0.01;   0.19]         0.02 [ -0.03;  0.03]         0.05 [ -0.02;  0.07]         0.02 [ -0.06;  0.18]         0.04 [ -0.00;  0.05]         0.05 [ -0.03;   0.15]         0.00 [ -0.06;  0.01]        0.06 [ -0.01;   0.08]        0.09 [ -0.05;  0.19]  
nodematch.npm                  3.69 [  3.50;   4.07] *       4.21 [  3.89;  4.56] *       3.33 [  3.15;  3.68] *       4.15 [  3.89;  4.82] *       3.40 [  3.25;  3.70] *       3.97 [  3.75;   4.50] *       3.68 [  3.51;  4.10] *      2.88 [  2.72;   3.31] *      2.89 [  2.70;  3.83] *
nodematch.ipo_status.0         0.02 [ -0.10;   0.12]        -0.58 [ -0.66; -0.45] *      -0.42 [ -0.64; -0.24] *      -0.32 [ -0.61; -0.08] *       0.03 [ -0.28;  0.24]        -0.03 [ -0.25;   0.18]        -1.71 [ -1.83; -1.56] *      0.11 [ -0.33;   0.81]        0.61 [  0.33;  0.86] *
nodematch.ipo_status.1        -0.10 [ -0.15;   0.14]        -0.20 [ -0.34; -0.03] *      -0.02 [ -0.32;  0.58]        -0.23 [ -0.33; -0.01] *      -0.33 [ -0.39; -0.18] *      -0.23 [ -0.27;   0.24]        -0.14 [ -0.36;  0.10]       -9.72 [-23.41; -10.72] *      0.49 [-12.02;  0.93]  
nodecov.constraint            -5.82 [ -6.73;  -4.28] *      -7.81 [ -8.76; -6.13] *      -4.29 [ -5.46; -2.75] *      -6.94 [ -7.89; -5.43] *      -6.59 [ -8.19; -4.44] *      -7.39 [ -8.79;  -5.65] *      -7.59 [ -8.25; -5.99] *     -5.33 [ -7.06;  -3.07] *     -5.48 [ -8.70; -3.17] *
absdiff.constraint             4.17 [  3.48;   4.69] *       5.50 [  4.41;  6.07] *       3.47 [  2.65;  4.28] *       4.94 [  4.02;  6.06] *       5.15 [  3.81;  6.35] *       5.09 [  3.72;   6.20] *       6.18 [  5.46;  6.60] *      3.87 [  2.46;   5.28] *      4.48 [  2.84;  6.11] *
----------------------------------------------------------------------------------------------------------------------------------------------------------------------------------------------------------------------------------------------------------------------------------------------
Num. obs.                 480760                        406704                       620392                       258059                       589198                       188510                        933469                       42909                        37660                     
==============================================================================================================================================================================================================================================================================================
* 0 outside the 95% bootstrapped confidence interval
