
===========================================================================================================================================================================================================================================================================
                          clarabridge                  medallia                                                qualtrics                                  satmetrix                    empathica                    confirmit                                              
---------------------------------------------------------------------------------------------------------------------------------------------------------------------------------------------------------------------------------------------------------------------------
edges                        -10.35 [-14.82; -9.70] *     -12.77 [-1684214484794205.00;             -11.89] *      -8.56 [              -15.36; -6.78] *     -10.38 [-12.24; -8.92] *     -10.01 [-13.04; -8.96] *      -9.43 [-2763652341188777.00;               -7.56] *
gwesp.fixed.0                  0.14 [ -0.43;  0.48]        -0.44 [ -335998944536246.69;              -0.39] *       0.67 [                0.12;  1.06] *       0.02 [ -0.37;  0.25]        -0.04 [ -0.42;  0.29]         0.07 [-1002869060900368.25;  893980862412494.00]  
cycle3                         0.65 [  0.61;  0.67] *       1.01 [                0.99; 481871813907411.56] *       0.92 [                0.73;  0.92] *       1.19 [  1.01;  1.28] *       1.26 [  0.79;  1.33] *       1.04 [-1932440995567546.25;  728669151196619.38]  
cycle4                         0.15 [  0.11;  0.17] *       0.11 [                0.10; 388178849244758.25] *       0.29 [                0.22;  0.41] *       0.15 [  0.13;  0.17] *       0.14 [  0.11;  0.16] *       0.15 [ -169983946659966.00;  295773732329916.12]  
cycle5                        -0.01 [ -0.01; -0.00] *      -0.04 [ -351273522899649.38;              -0.03] *      -0.05 [               -0.06; -0.04] *      -0.03 [ -0.03; -0.03] *      -0.03 [ -0.03; -0.02] *      -0.03 [-1134803009337758.00;               -0.02] *
cycle6                        -0.00 [ -0.00; -0.00] *       0.00 [  -99242056413162.08;               0.00]         0.00 [                0.00;  0.00] *       0.00 [  0.00;  0.00] *       0.00 [  0.00;  0.00] *       0.00 [ -701239537599209.50;   42108461396181.12]  
nodematch.state_code          -0.27 [ -0.29; -0.26] *      -0.23 [ -190984746042158.25;              -0.14] *      -0.21 [               -0.28; -0.17] *      -0.26 [ -0.29; -0.20] *      -0.43 [ -0.49; -0.34] *      -0.21 [ -199792435777103.84;  827194216057754.50]  
nodecov.age                    0.02 [  0.01;  0.02] *       0.01 [                0.01;   4675418301947.28] *       0.01 [                0.00;  0.02] *       0.01 [  0.01;  0.02] *       0.02 [  0.01;  0.02] *       0.01 [   -1695160631252.00;    3366837015732.59]  
edgecov.mmc[[i]]               0.67 [  0.52;  1.30] *       0.66 [-1210002841140664.00;               0.88]         1.16 [                0.93;  2.28] *       0.42 [ -0.09;  1.19]         0.25 [ -0.12;  0.65]         0.19 [-1781980592009375.25;  265185038482495.53]  
nodecov.net_risk               0.02 [  0.01;  0.79] *       0.14 [                0.11;  52989480069245.25] *       0.03 [-1696661073246258.50;  0.77]         0.08 [  0.02;  0.17] *       0.08 [  0.02;  0.25] *       0.05 [  -32490082110806.48;  123482268612035.72]  
nodecov.net_risk_lag           0.67 [  0.49;  1.54] *      -0.00 [ -183412307277595.19;               0.09]         0.64 [                0.40;  2.38] *      -0.01 [ -0.01;  0.28]        -0.00 [ -0.04;  0.35]        -0.00 [ -151766891764244.19;  259582405647216.12]  
nodematch.npm                  2.41 [  1.93;  3.58] *       3.33 [                3.29; 394069271741214.62] *       1.91 [                0.98;  3.52] *       2.12 [  1.64;  3.22] *       1.88 [  1.45;  3.53] *       2.22 [                1.20; 1422949501280372.00] *
nodematch.ipo_status.0        -0.09 [ -0.17;  0.06]         0.06 [               -0.02; 502303433414788.12]        -0.55 [               -0.66; -0.39] *      -0.03 [ -0.16;  0.10]         0.02 [ -0.17;  0.07]        -0.26 [               -0.58;  137478574790843.34]  
nodematch.ipo_status.1         0.07 [ -0.20;  0.53]         0.36 [                0.28;  66330479674437.20] *      -0.40 [               -0.44; -0.15] *      -0.17 [ -0.28;  0.05]         0.05 [ -0.02;  0.37]        -0.08 [ -254990471489632.66;  676557041913910.50]  
---------------------------------------------------------------------------------------------------------------------------------------------------------------------------------------------------------------------------------------------------------------------------
Num. obs.                 199976                       270627                                                  294162                                     152493                       114339                       325886                                                 
===========================================================================================================================================================================================================================================================================
* 0 outside the confidence interval
