
============================================================================================================================================================================================================================================================================
                          clarabridge                                medallia                                                 qualtrics                                                satmetrix                    empathica                    confirmit                  
----------------------------------------------------------------------------------------------------------------------------------------------------------------------------------------------------------------------------------------------------------------------------
edges                        -11.34 [              -12.11; -6.01] *     -13.26 [-3484196755930244.50;               -9.02] *      -7.88 [-2958595964363175.50;               -3.45] *     -11.66 [-13.47; -6.87] *     -11.69 [-12.44; -9.61] *     -11.44 [-12.68; -7.99] *
gwesp.fixed.0                 -0.14 [               -0.28; -0.11] *      -0.05 [-2884150256328508.50;               -0.05] *       0.26 [-1529070106675186.25;                0.28]         0.21 [  0.10;  0.23] *       0.14 [  0.01;  0.18] *       0.01 [ -0.09;  0.02]  
cycle3                         0.46 [                0.44;  0.50] *       0.74 [                0.71; 4809221502962994.00] *       0.66 [                0.64; 3612971490556018.00] *       0.74 [  0.66;  0.88] *       0.62 [  0.57;  0.80] *       0.76 [  0.73;  0.90] *
cycle4                         0.07 [                0.06;  0.08] *       0.08 [                0.07;  269580637222776.75] *       0.20 [ -165104589341383.56;                0.23]         0.08 [  0.07;  0.09] *       0.08 [  0.07;  0.10] *       0.09 [  0.08;  0.11] *
cycle5                        -0.01 [               -0.01; -0.00] *      -0.03 [-2120950608752828.00;               -0.03] *      -0.04 [ -205534604543063.56;               -0.04] *      -0.03 [ -0.04; -0.02] *      -0.02 [ -0.04; -0.02] *      -0.02 [ -0.03; -0.02] *
cycle6                        -0.00 [               -0.00; -0.00] *       0.00 [ -954061891603010.38;                0.00]         0.00 [ -257708196944226.91;                0.00]         0.00 [ -0.00;  0.00]        -0.00 [ -0.00;  0.00]         0.00 [  0.00;  0.00] *
nodefactor.state_code.AZ       0.26 [               -0.02;  1.10]                                                                 -1.63 [               -2.21;   35638127711008.50]                                                                                         
nodefactor.state_code.BC       0.17 [                0.12;  0.44] *       0.75 [                0.03;  809449200984622.00] *      -1.40 [               -2.26;   26917916255571.00]         0.04 [ -0.81;  0.55]                                     -0.23 [ -0.45;  0.09]  
nodefactor.state_code.CA      -0.00 [               -0.06;  0.23]         1.20 [                0.69;  796291217129915.75] *      -0.89 [  -61656241930423.00;               -0.54] *       0.31 [ -0.47;  1.04]         0.33 [  0.27;  0.73] *       0.22 [ -0.22;  0.68]  
nodefactor.state_code.CO      -0.04 [               -0.09;  0.17]         1.00 [                0.52;  945361555776980.75] *      -1.31 [-2766640799986583.50;               -1.01] *       0.74 [  0.01;  1.38] *       0.31 [  0.28;  0.75] *       0.37 [ -0.00;  0.78]  
nodefactor.state_code.CT      -0.49 [               -0.54; -0.31] *       1.24 [                0.62;  813988056258037.75] *      -0.94 [-2174254420176979.50;               -0.23] *       0.23 [ -0.70;  0.86]         0.26 [  0.21;  0.49] *       0.14 [ -0.04;  0.41]  
nodefactor.state_code.DC      -0.00 [               -0.20;  0.39]         1.69 [                0.72;  667224047335450.25] *      -0.86 [ -504962320068004.50;                0.08]         0.91 [ -0.09;  1.83]         0.36 [  0.03;  0.96] *       0.55 [  0.04;  1.25] *
nodefactor.state_code.DE      -0.26 [     -39921812537.54; -0.13] *       1.59 [-2793555718139743.00;                1.87]        -1.22 [               -1.45;   33605374520982.38]                                                                  -0.07 [ -0.44;  0.57]  
nodefactor.state_code.FL       0.04 [                0.00;  0.38] *       0.62 [                0.11;  722129470053358.25] *      -1.28 [               -1.92;   22424777552779.12]        -0.23 [ -0.97;  0.46]        -0.57 [ -0.60; -0.31] *      -0.10 [ -0.42;  0.16]  
nodefactor.state_code.GA      -0.13 [               -0.38;  0.06]         1.13 [-1323304113110402.50;                1.66]        -1.62 [  -55279524051644.75;               -1.09] *       0.26 [ -1.03;  0.92]         0.52 [  0.12;  1.02] *      -0.20 [ -0.97;  0.28]  
nodefactor.state_code.IL      -0.16 [               -0.22;  0.06]         0.83 [                0.36;  822724826517254.38] *      -0.68 [-2609292793525952.50;               -0.40] *       0.32 [ -0.43;  0.99]         0.26 [  0.23;  0.61] *       0.40 [  0.02;  0.64] *
nodefactor.state_code.IN      -1.13 [               -1.32; -0.31] *                                                               -0.76 [               -1.51;   19923896434273.62]                                                                                         
nodefactor.state_code.KS       1.06 [                0.77;  1.20] *                                                               -1.45 [               -2.12;   21961249368439.44]                                                                                         
nodefactor.state_code.MA       0.17 [                0.14;  0.25] *       0.82 [                0.34;  812825342471550.12] *      -1.14 [               -1.45;    3331436299880.75]         0.26 [ -0.59;  0.77]         0.28 [  0.11;  0.51] *       0.11 [ -0.27;  0.44]  
nodefactor.state_code.MD      -0.56 [               -0.64; -0.17] *                                                               -1.49 [               -1.83;   56954301151950.94]                                                                                         
nodefactor.state_code.MI      -0.70 [               -0.76; -0.51] *       1.06 [                0.57;  846668864420155.75] *      -0.48 [               -1.19;  103444852771179.50]         0.06 [ -0.66;  0.62]        -0.02 [ -0.11;  0.25]         0.23 [ -0.36;  0.67]  
nodefactor.state_code.MN       0.33 [                0.28;  0.51] *                                                                                                                                                                                                         
nodefactor.state_code.MO       0.06 [               -0.29;  0.06]         0.65 [                0.07;  810811308059086.25] *      -1.52 [               -1.97;  106467464624366.44]        -0.01 [ -1.19;  0.77]        -0.43 [ -0.62; -0.13] *      -0.51 [ -1.25;  0.02]  
nodefactor.state_code.MT      -0.23 [               -0.41;  0.02]         1.32 [              -11.38; 2252186906557761.50]        -1.41 [              -12.97;   68047292541223.12]         0.57 [-12.46;  3.02]         0.09 [ -1.13;  2.32]        -0.01 [-12.25;  2.14]  
nodefactor.state_code.NA      -0.06 [               -0.08;  0.21]         0.92 [                0.43;  808590619275803.75] *      -1.10 [  -34349529275959.19;               -0.80] *       0.10 [ -0.65;  0.70]        -0.01 [ -0.04;  0.22]         0.01 [ -0.36;  0.38]  
nodefactor.state_code.NC       0.35 [                0.31;  0.64] *       0.30 [               -0.23;  196708676222002.56]        -1.29 [ -148088542709272.47;               -0.90] *      -0.55 [ -1.45;  0.18]                                     -0.18 [ -0.98;  0.55]  
nodefactor.state_code.NE      -1.49 [     -39921823541.17;  0.13]                                                                                                                                                                                                           
nodefactor.state_code.NH      -0.97 [               -1.03; -0.37] *       1.01 [-2841611162213964.50;                1.46]        -0.48 [               -1.50;  260108557722497.12]         0.14 [ -0.84;  0.86]        -0.09 [ -0.12;  0.34]         0.23 [ -0.44;  0.79]  
nodefactor.state_code.NJ      -1.11 [               -1.43; -0.26] *      -0.51 [               -1.18;  586217998753632.25]        -0.55 [               -1.01;   50995053329632.31]        -0.61 [-12.91;  0.11]                                     -0.55 [-12.16; -0.17] *
nodefactor.state_code.NS       1.03 [                0.98;  1.25] *       0.10 [-2796087606475334.00;                0.60]                                                                                                                                                  
nodefactor.state_code.NV      -0.59 [               -0.97;  0.45]         0.90 [-2772985449169954.50;                1.43]        -1.20 [   -5727179103798.69;               -0.99] *      -0.30 [ -1.16;  0.42]        -0.43 [ -0.87;  0.21]         0.04 [ -0.51;  0.49]  
nodefactor.state_code.NY       0.08 [                0.04;  0.31] *       1.77 [                1.13;  496854218468721.88] *      -0.81 [-2688264866405029.00;               -0.38] *       0.96 [  0.19;  1.51] *       0.87 [  0.87;  1.13] *       0.67 [  0.42;  0.95] *
nodefactor.state_code.OH      -0.40 [               -0.43;  0.05]         1.73 [                1.21;  856252259276601.25] *      -0.39 [               -1.33;    8658675517473.44]         0.58 [ -0.53;  1.29]        -0.12 [ -0.30;  0.27]         0.43 [ -0.07;  0.79]  
nodefactor.state_code.OK      -0.62 [     -39921817174.52;  0.05]                                                                                                                                                                                                           
nodefactor.state_code.ON       0.10 [                0.09;  0.42] *       0.75 [-1920618283637706.50;                1.03]        -0.76 [ -189121935457813.44;               -0.34] *       0.07 [ -0.59;  0.74]        -0.37 [ -0.37;  0.10]        -0.12 [ -0.35;  0.14]  
nodefactor.state_code.OR      -0.57 [               -0.74; -0.01] *       1.64 [-1440454043885966.00;                2.19]        -1.29 [  -59940219402622.84;               -0.66] *       0.75 [ -0.36;  1.13]         0.11 [ -0.01;  0.60]        -0.30 [ -0.41; -0.01] *
nodefactor.state_code.PA       0.02 [               -0.47;  0.13]         0.77 [-2504878599336363.00;                1.23]        -2.43 [ -268572163844640.34;               -2.43] *      -0.13 [-12.31;  0.58]         0.37 [-11.84;  0.64]        -0.55 [-12.33; -0.35] *
nodefactor.state_code.QC      -0.25 [               -0.34;  0.32]         0.96 [-2784298639836363.00;                1.44]        -0.91 [               -1.59;   31652484493048.62]         0.41 [ -0.23;  0.87]        -0.34 [ -0.39;  0.04]         0.48 [  0.21;  0.64] *
nodefactor.state_code.TN       0.22 [-4427589254406936.00;  1.79]                                                                 -1.10 [   -1414518705662.69;               -0.30] *                                                                                       
nodefactor.state_code.TX      -0.16 [               -0.19;  0.04]         1.05 [                0.65;  839625604891023.25] *      -1.37 [  -16119941707273.69;               -1.12] *      -0.03 [ -0.59;  0.63]         0.10 [  0.09;  0.40] *      -0.03 [ -0.21;  0.19]  
nodefactor.state_code.UT      -0.10 [               -0.13;  0.15]         1.21 [                0.72;  682817867111737.75] *      -1.11 [  -16449724742664.62;               -0.63] *       0.40 [ -0.32;  1.05]         0.29 [  0.29;  0.66] *       0.25 [ -0.07;  0.55]  
nodefactor.state_code.VA      -0.07 [               -0.15; -0.00] *       1.19 [                0.62;  734024598758507.25] *      -0.71 [               -1.32;    8294411122686.50]         0.97 [ -0.06;  1.57]         0.44 [  0.22;  0.78] *       0.52 [  0.24;  0.79] *
nodefactor.state_code.WA      -0.17 [               -0.25;  0.16]         0.94 [                0.47;  830049274788209.00] *      -0.75 [  -97935674777449.06;               -0.29] *       0.03 [ -0.66;  0.70]         0.05 [  0.04;  0.37] *      -0.02 [ -0.41;  0.31]  
nodefactor.state_code.WI       1.28 [            -2107.76;  3.05]         0.93 [-2780675999545066.00;                1.23]        -1.49 [               -2.03;   19581495148606.44]        -0.61 [ -1.42;  0.11]                                     -0.04 [ -0.88;  0.74]  
nodefactor.state_code.WV      -0.66 [               -0.98;  0.21]                                                                                                                                                                                                           
nodematch.state_code          -0.18 [               -0.23; -0.10] *      -0.13 [  -37343106039300.50;               -0.06] *      -0.07 [               -0.09;   54931013832892.12]        -0.15 [ -0.20; -0.09] *      -0.26 [ -0.36; -0.13] *      -0.14 [ -0.16; -0.12] *
nodecov.age                    0.02 [                0.01;  0.02] *       0.01 [                0.01;    2176255809597.22] *      -0.00 [   -8436227853818.34;                0.00]         0.01 [  0.01;  0.01] *       0.01 [  0.01;  0.02] *       0.01 [  0.01;  0.01] *
edgecov.mmc[[i]]               0.14 [               -0.07;  0.27]        -0.09 [ -550556840206948.75;                0.31]         0.16 [-1724148286589853.25;                0.51]         0.16 [ -0.01;  0.44]        -0.15 [ -0.35;  0.13]         0.16 [ -0.06;  0.66]  
nodecov.net_risk               0.52 [                0.19;  0.55] *       0.44 [                0.29;   36895824928455.20] *       0.31 [                0.18;   69056152559961.53] *       0.52 [  0.34;  0.53] *       0.60 [  0.47;  0.64] *       0.45 [  0.29;  0.49] *
nodecov.net_risk_lag          -0.01 [               -0.03;  0.08]         0.02 [ -173328270370456.25;                0.19]         0.03 [  -39523177024117.69;                0.12]        -0.01 [ -0.01;  0.23]         0.03 [ -0.01;  0.21]         0.01 [ -0.01;  0.16]  
nodematch.npm                  4.29 [                4.06;  4.75] *       3.56 [                3.42; 1340669771324925.00] *       3.21 [                3.17; 2722658415160821.50] *       3.93 [  3.75;  4.40] *       4.07 [  3.51;  5.04] *       3.52 [  3.27;  3.88] *
nodematch.ipo_status.0        -0.56 [               -0.62; -0.31] *      -0.02 [               -0.17;  192405131639583.62]        -0.36 [  -69263972551890.62;               -0.25] *      -0.15 [ -0.21; -0.03] *      -0.07 [ -0.20;  0.13]         0.09 [ -0.06;  0.24]  
nodematch.ipo_status.1        -0.24 [               -0.42;  0.02]        -0.08 [-1427555996875923.75;                0.04]        -0.14 [               -0.53;  305861521707952.25]        -0.26 [ -0.41; -0.12] *      -0.19 [ -0.24;  0.14]        -0.23 [ -0.31; -0.05] *
nodecov.constraint            -8.18 [               -8.62; -6.40] *      -6.03 [               -6.60;  217531544978196.25]        -4.39 [ -205395631234840.00;               -2.75] *      -7.36 [ -8.06; -5.89] *      -8.27 [ -9.01; -7.05] *      -7.05 [ -8.02; -4.70] *
absdiff.constraint             5.62 [                4.62;  6.01] *       4.25 [ -890908936969456.00;                4.64]         3.65 [                2.61;  288504396695655.50] *       5.36 [  4.39;  5.92] *       5.45 [  4.71;  6.24] *       5.53 [  4.14;  6.30] *
nodefactor.state_code.NL                                                  1.88 [                1.49;  863341725101085.88] *      -1.23 [               -1.88;   52122246694581.72]         0.79 [ -0.01;  1.42]         0.61 [  0.49;  0.88] *       0.89 [  0.52;  1.15] *
nodefactor.state_code.KY                                                                                                          -1.39 [               -1.95;   90699212576716.62]         0.01 [ -0.65;  0.51]                                      0.12 [  0.02;  0.31] *
nodefactor.state_code.LA                                                                                                          -0.99 [ -722849211467858.50;               -0.24] *                                                                -0.28 [ -1.62;  0.70]  
nodefactor.state_code.NM                                                                                                          -1.40 [               -1.95;   82262984723848.62]                                                                  -0.32 [ -0.43; -0.23] *
----------------------------------------------------------------------------------------------------------------------------------------------------------------------------------------------------------------------------------------------------------------------------
Num. obs.                 217678                                     261725                                                   335918                                                   137420                       101554                       318706                     
============================================================================================================================================================================================================================================================================
* 0 outside the confidence interval
