

##------ Tue Aug  7 07:08:23 2018 ------##


------------ estimating TERGM for: qualtrics --------------
Using 16 cores
              t=2 t=3 t=4 t=5 t=6 t=7 t=8 t=9 t=10 t=11
nets (row)    574 574 574 574 574 574 574 574  574  574
nets (col)    574 574 574 574 574 574 574 574  574  574
mmc (row)     574 574 574 574 574 574 574 574  574  574
mmc (col)     574 574 574 574 574 574 574 574  574  574
memory (row)  574 574 574 574 574 574 574 574  574  574
memory (col)  574 574 574 574 574 574 574 574  574  574
timecov (row) 574 574 574 574 574 574 574 574  574  574
timecov (col) 574 574 574 574 574 574 574 574  574  574
              t=2 t=3 t=4 t=5 t=6 t=7 t=8 t=9 t=10 t=11
nets (row)    574 574 574 574 574 574 574 574  574  574
nets (col)    574 574 574 574 574 574 574 574  574  574
mmc (row)     574 574 574 574 574 574 574 574  574  574
mmc (col)     574 574 574 574 574 574 574 574  574  574
memory (row)  574 574 574 574 574 574 574 574  574  574
memory (col)  574 574 574 574 574 574 574 574  574  574
timecov (row) 574 574 574 574 574 574 574 574  574  574
timecov (col) 574 574 574 574 574 574 574 574  574  574
finished successfully.