

##------ Tue Aug  7 08:16:09 2018 ------##


------------ estimating TERGM for: clarabridge --------------
Using 16 cores
              t=2 t=3 t=4 t=5 t=6 t=7 t=8 t=9 t=10 t=11
nets (row)    453 453 453 453 453 453 453 453  453  453
nets (col)    453 453 453 453 453 453 453 453  453  453
mmc (row)     453 453 453 453 453 453 453 453  453  453
mmc (col)     453 453 453 453 453 453 453 453  453  453
memory (row)  453 453 453 453 453 453 453 453  453  453
memory (col)  453 453 453 453 453 453 453 453  453  453
timecov (row) 453 453 453 453 453 453 453 453  453  453
timecov (col) 453 453 453 453 453 453 453 453  453  453
              t=2 t=3 t=4 t=5 t=6 t=7 t=8 t=9 t=10 t=11
nets (row)    453 453 453 453 453 453 453 453  453  453
nets (col)    453 453 453 453 453 453 453 453  453  453
mmc (row)     453 453 453 453 453 453 453 453  453  453
mmc (col)     453 453 453 453 453 453 453 453  453  453
memory (row)  453 453 453 453 453 453 453 453  453  453
memory (col)  453 453 453 453 453 453 453 453  453  453
timecov (row) 453 453 453 453 453 453 453 453  453  453
timecov (col) 453 453 453 453 453 453 453 453  453  453
