

##------ Tue Aug  7 11:07:30 2018 ------##


------------ estimating TERGM for: snap-surveys-ltd --------------
Using 16 cores
              t=2 t=3 t=4 t=5 t=6 t=7 t=8 t=9 t=10 t=11
nets (row)    482 482 482 482 482 482 482 482  482  482
nets (col)    482 482 482 482 482 482 482 482  482  482
mmc (row)     482 482 482 482 482 482 482 482  482  482
mmc (col)     482 482 482 482 482 482 482 482  482  482
memory (row)  482 482 482 482 482 482 482 482  482  482
memory (col)  482 482 482 482 482 482 482 482  482  482
timecov (row) 482 482 482 482 482 482 482 482  482  482
timecov (col) 482 482 482 482 482 482 482 482  482  482
              t=2 t=3 t=4 t=5 t=6 t=7 t=8 t=9 t=10 t=11
nets (row)    482 482 482 482 482 482 482 482  482  482
nets (col)    482 482 482 482 482 482 482 482  482  482
mmc (row)     482 482 482 482 482 482 482 482  482  482
mmc (col)     482 482 482 482 482 482 482 482  482  482
memory (row)  482 482 482 482 482 482 482 482  482  482
memory (col)  482 482 482 482 482 482 482 482  482  482
timecov (row) 482 482 482 482 482 482 482 482  482  482
timecov (col) 482 482 482 482 482 482 482 482  482  482
finished successfully.