

##------ Tue Aug  7 18:26:48 2018 ------##



##------ Tue Aug  7 19:18:09 2018 ------##

              t=2 t=3 t=4 t=5 t=6 t=7 t=8 t=9 t=10 t=11
nets (row)    574 574 574 574 574 574 574 574  574  574
nets (col)    574 574 574 574 574 574 574 574  574  574
mmc (row)     574 574 574 574 574 574 574 574  574  574
mmc (col)     574 574 574 574 574 574 574 574  574  574
memory (row)  574 574 574 574 574 574 574 574  574  574
memory (col)  574 574 574 574 574 574 574 574  574  574
timecov (row) 574 574 574 574 574 574 574 574  574  574
timecov (col) 574 574 574 574 574 574 574 574  574  574
              t=2 t=3 t=4 t=5 t=6 t=7 t=8 t=9 t=10 t=11
nets (row)    574 574 574 574 574 574 574 574  574  574
nets (col)    574 574 574 574 574 574 574 574  574  574
mmc (row)     574 574 574 574 574 574 574 574  574  574
mmc (col)     574 574 574 574 574 574 574 574  574  574
memory (row)  574 574 574 574 574 574 574 574  574  574
memory (col)  574 574 574 574 574 574 574 574  574  574
timecov (row) 574 574 574 574 574 574 574 574  574  574
timecov (col) 574 574 574 574 574 574 574 574  574  574


##------ Tue Aug  7 21:24:10 2018 ------##

              t=2 t=3 t=4 t=5 t=6 t=7 t=8 t=9 t=10 t=11
nets (row)    574 574 574 574 574 574 574 574  574  574
nets (col)    574 574 574 574 574 574 574 574  574  574
mmc (row)     574 574 574 574 574 574 574 574  574  574
mmc (col)     574 574 574 574 574 574 574 574  574  574
memory (row)  574 574 574 574 574 574 574 574  574  574
memory (col)  574 574 574 574 574 574 574 574  574  574
timecov (row) 574 574 574 574 574 574 574 574  574  574
timecov (col) 574 574 574 574 574 574 574 574  574  574
              t=2 t=3 t=4 t=5 t=6 t=7 t=8 t=9 t=10 t=11
nets (row)    574 574 574 574 574 574 574 574  574  574
nets (col)    574 574 574 574 574 574 574 574  574  574
mmc (row)     574 574 574 574 574 574 574 574  574  574
mmc (col)     574 574 574 574 574 574 574 574  574  574
memory (row)  574 574 574 574 574 574 574 574  574  574
memory (col)  574 574 574 574 574 574 574 574  574  574
timecov (row) 574 574 574 574 574 574 574 574  574  574
timecov (col) 574 574 574 574 574 574 574 574  574  574


##------ Wed Aug  8 00:01:32 2018 ------##

              t=2 t=3 t=4 t=5 t=6 t=7 t=8 t=9 t=10 t=11
nets (row)    574 574 574 574 574 574 574 574  574  574
nets (col)    574 574 574 574 574 574 574 574  574  574
mmc (row)     574 574 574 574 574 574 574 574  574  574
mmc (col)     574 574 574 574 574 574 574 574  574  574
memory (row)  574 574 574 574 574 574 574 574  574  574
memory (col)  574 574 574 574 574 574 574 574  574  574
timecov (row) 574 574 574 574 574 574 574 574  574  574
timecov (col) 574 574 574 574 574 574 574 574  574  574
              t=2 t=3 t=4 t=5 t=6 t=7 t=8 t=9 t=10 t=11
nets (row)    574 574 574 574 574 574 574 574  574  574
nets (col)    574 574 574 574 574 574 574 574  574  574
mmc (row)     574 574 574 574 574 574 574 574  574  574
mmc (col)     574 574 574 574 574 574 574 574  574  574
memory (row)  574 574 574 574 574 574 574 574  574  574
memory (col)  574 574 574 574 574 574 574 574  574  574
timecov (row) 574 574 574 574 574 574 574 574  574  574
timecov (col) 574 574 574 574 574 574 574 574  574  574
finished successfully.

##------ Wed Aug  8 01:23:32 2018 ------##

              t=2 t=3 t=4 t=5 t=6 t=7 t=8 t=9 t=10 t=11
nets (row)    574 574 574 574 574 574 574 574  574  574
nets (col)    574 574 574 574 574 574 574 574  574  574
mmc (row)     574 574 574 574 574 574 574 574  574  574
mmc (col)     574 574 574 574 574 574 574 574  574  574
memory (row)  574 574 574 574 574 574 574 574  574  574
memory (col)  574 574 574 574 574 574 574 574  574  574
timecov (row) 574 574 574 574 574 574 574 574  574  574
timecov (col) 574 574 574 574 574 574 574 574  574  574
              t=2 t=3 t=4 t=5 t=6 t=7 t=8 t=9 t=10 t=11
nets (row)    574 574 574 574 574 574 574 574  574  574
nets (col)    574 574 574 574 574 574 574 574  574  574
mmc (row)     574 574 574 574 574 574 574 574  574  574
mmc (col)     574 574 574 574 574 574 574 574  574  574
memory (row)  574 574 574 574 574 574 574 574  574  574
memory (col)  574 574 574 574 574 574 574 574  574  574
timecov (row) 574 574 574 574 574 574 574 574  574  574
timecov (col) 574 574 574 574 574 574 574 574  574  574
finished successfully.

##------ Wed Aug  8 07:12:14 2018 ------##

              t=2 t=3 t=4 t=5 t=6 t=7 t=8 t=9 t=10 t=11
nets (row)    574 574 574 574 574 574 574 574  574  574
nets (col)    574 574 574 574 574 574 574 574  574  574
mmc (row)     574 574 574 574 574 574 574 574  574  574
mmc (col)     574 574 574 574 574 574 574 574  574  574
memory (row)  574 574 574 574 574 574 574 574  574  574
memory (col)  574 574 574 574 574 574 574 574  574  574
timecov (row) 574 574 574 574 574 574 574 574  574  574
timecov (col) 574 574 574 574 574 574 574 574  574  574
              t=2 t=3 t=4 t=5 t=6 t=7 t=8 t=9 t=10 t=11
nets (row)    574 574 574 574 574 574 574 574  574  574
nets (col)    574 574 574 574 574 574 574 574  574  574
mmc (row)     574 574 574 574 574 574 574 574  574  574
mmc (col)     574 574 574 574 574 574 574 574  574  574
memory (row)  574 574 574 574 574 574 574 574  574  574
memory (col)  574 574 574 574 574 574 574 574  574  574
timecov (row) 574 574 574 574 574 574 574 574  574  574
timecov (col) 574 574 574 574 574 574 574 574  574  574
