

##------ Tue Aug  7 10:32:09 2018 ------##


------------ estimating TERGM for: promoter-io --------------
Using 16 cores
              t=2 t=3 t=4 t=5 t=6 t=7 t=8 t=9 t=10 t=11
nets (row)    198 198 198 198 198 198 198 198  198  198
nets (col)    198 198 198 198 198 198 198 198  198  198
mmc (row)     198 198 198 198 198 198 198 198  198  198
mmc (col)     198 198 198 198 198 198 198 198  198  198
memory (row)  198 198 198 198 198 198 198 198  198  198
memory (col)  198 198 198 198 198 198 198 198  198  198
timecov (row) 198 198 198 198 198 198 198 198  198  198
timecov (col) 198 198 198 198 198 198 198 198  198  198
              t=2 t=3 t=4 t=5 t=6 t=7 t=8 t=9 t=10 t=11
nets (row)    198 198 198 198 198 198 198 198  198  198
nets (col)    198 198 198 198 198 198 198 198  198  198
mmc (row)     198 198 198 198 198 198 198 198  198  198
mmc (col)     198 198 198 198 198 198 198 198  198  198
memory (row)  198 198 198 198 198 198 198 198  198  198
memory (col)  198 198 198 198 198 198 198 198  198  198
timecov (row) 198 198 198 198 198 198 198 198  198  198
timecov (col) 198 198 198 198 198 198 198 198  198  198
finished successfully.