

##------ Tue Aug  7 08:29:30 2018 ------##


------------ estimating TERGM for: confirmit --------------
Using 16 cores
              t=2 t=3 t=4 t=5 t=6 t=7 t=8 t=9 t=10 t=11
nets (row)    556 556 556 556 556 556 556 556  556  556
nets (col)    556 556 556 556 556 556 556 556  556  556
mmc (row)     556 556 556 556 556 556 556 556  556  556
mmc (col)     556 556 556 556 556 556 556 556  556  556
memory (row)  556 556 556 556 556 556 556 556  556  556
memory (col)  556 556 556 556 556 556 556 556  556  556
timecov (row) 556 556 556 556 556 556 556 556  556  556
timecov (col) 556 556 556 556 556 556 556 556  556  556
              t=2 t=3 t=4 t=5 t=6 t=7 t=8 t=9 t=10 t=11
nets (row)    556 556 556 556 556 556 556 556  556  556
nets (col)    556 556 556 556 556 556 556 556  556  556
mmc (row)     556 556 556 556 556 556 556 556  556  556
mmc (col)     556 556 556 556 556 556 556 556  556  556
memory (row)  556 556 556 556 556 556 556 556  556  556
memory (col)  556 556 556 556 556 556 556 556  556  556
timecov (row) 556 556 556 556 556 556 556 556  556  556
timecov (col) 556 556 556 556 556 556 556 556  556  556
finished successfully.