

##------ Tue Aug  7 17:36:10 2018 ------##


------------ estimating TERGM for: surveymonkey --------------
Using 4 cores
               t=2  t=3  t=4  t=5  t=6  t=7  t=8  t=9 t=10 t=11
nets (row)    2233 2233 2233 2233 2233 2233 2233 2233 2233 2233
nets (col)    2233 2233 2233 2233 2233 2233 2233 2233 2233 2233
mmc (row)     2233 2233 2233 2233 2233 2233 2233 2233 2233 2233
mmc (col)     2233 2233 2233 2233 2233 2233 2233 2233 2233 2233
memory (row)  2233 2233 2233 2233 2233 2233 2233 2233 2233 2233
memory (col)  2233 2233 2233 2233 2233 2233 2233 2233 2233 2233
timecov (row) 2233 2233 2233 2233 2233 2233 2233 2233 2233 2233
timecov (col) 2233 2233 2233 2233 2233 2233 2233 2233 2233 2233
               t=2  t=3  t=4  t=5  t=6  t=7  t=8  t=9 t=10 t=11
nets (row)    2233 2233 2233 2233 2233 2233 2233 2233 2233 2233
nets (col)    2233 2233 2233 2233 2233 2233 2233 2233 2233 2233
mmc (row)     2233 2233 2233 2233 2233 2233 2233 2233 2233 2233
mmc (col)     2233 2233 2233 2233 2233 2233 2233 2233 2233 2233
memory (row)  2233 2233 2233 2233 2233 2233 2233 2233 2233 2233
memory (col)  2233 2233 2233 2233 2233 2233 2233 2233 2233 2233
timecov (row) 2233 2233 2233 2233 2233 2233 2233 2233 2233 2233
timecov (col) 2233 2233 2233 2233 2233 2233 2233 2233 2233 2233
