

##------ Tue Aug  7 09:16:48 2018 ------##


------------ estimating TERGM for: getfeedback --------------
Using 16 cores
              t=2 t=3 t=4 t=5 t=6 t=7 t=8 t=9 t=10 t=11
nets (row)    363 363 363 363 363 363 363 363  363  363
nets (col)    363 363 363 363 363 363 363 363  363  363
mmc (row)     363 363 363 363 363 363 363 363  363  363
mmc (col)     363 363 363 363 363 363 363 363  363  363
memory (row)  363 363 363 363 363 363 363 363  363  363
memory (col)  363 363 363 363 363 363 363 363  363  363
timecov (row) 363 363 363 363 363 363 363 363  363  363
timecov (col) 363 363 363 363 363 363 363 363  363  363
              t=2 t=3 t=4 t=5 t=6 t=7 t=8 t=9 t=10 t=11
nets (row)    363 363 363 363 363 363 363 363  363  363
nets (col)    363 363 363 363 363 363 363 363  363  363
mmc (row)     363 363 363 363 363 363 363 363  363  363
mmc (col)     363 363 363 363 363 363 363 363  363  363
memory (row)  363 363 363 363 363 363 363 363  363  363
memory (col)  363 363 363 363 363 363 363 363  363  363
timecov (row) 363 363 363 363 363 363 363 363  363  363
timecov (col) 363 363 363 363 363 363 363 363  363  363
finished successfully.