

##------ Tue Aug  7 09:43:30 2018 ------##


------------ estimating TERGM for: inqwise --------------
Using 16 cores
              t=2 t=3 t=4 t=5 t=6 t=7 t=8 t=9 t=10 t=11
nets (row)    335 335 335 335 335 335 335 335  335  335
nets (col)    335 335 335 335 335 335 335 335  335  335
mmc (row)     335 335 335 335 335 335 335 335  335  335
mmc (col)     335 335 335 335 335 335 335 335  335  335
memory (row)  335 335 335 335 335 335 335 335  335  335
memory (col)  335 335 335 335 335 335 335 335  335  335
timecov (row) 335 335 335 335 335 335 335 335  335  335
timecov (col) 335 335 335 335 335 335 335 335  335  335
              t=2 t=3 t=4 t=5 t=6 t=7 t=8 t=9 t=10 t=11
nets (row)    335 335 335 335 335 335 335 335  335  335
nets (col)    335 335 335 335 335 335 335 335  335  335
mmc (row)     335 335 335 335 335 335 335 335  335  335
mmc (col)     335 335 335 335 335 335 335 335  335  335
memory (row)  335 335 335 335 335 335 335 335  335  335
memory (col)  335 335 335 335 335 335 335 335  335  335
timecov (row) 335 335 335 335 335 335 335 335  335  335
timecov (col) 335 335 335 335 335 335 335 335  335  335
finished successfully.